protein_id,go_term
b0001,GO:0009088
b0001,GO:0031555
b0001,GO:0031556
b0002,GO:0009067
b0002,GO:0009085
b0002,GO:0009086
b0002,GO:0009088
b0002,GO:0009089
b0002,GO:0009090
b0002,GO:0016310
b0002,GO:0051289
b0002,GO:0004072
b0002,GO:0004412
b0002,GO:0005524
b0002,GO:0016301
b0002,GO:0016491
b0002,GO:0042802
b0002,GO:0046872
b0002,GO:0050661
b0002,GO:0070403
b0003,GO:0006566
b0003,GO:0009088
b0003,GO:0016310
b0003,GO:0005737
b0003,GO:0005829
b0003,GO:0004413
b0003,GO:0005524
b0003,GO:0016301
b0004,GO:0006520
b0004,GO:0009088
b0004,GO:0005829
b0004,GO:0004795
b0004,GO:0016829
b0004,GO:0030170
b0006,GO:0033194
b0006,GO:0005737
b0006,GO:0005829
b0006,GO:0000217
b0006,GO:0003677
b0007,GO:0003333
b0007,GO:0006814
b0007,GO:0006865
b0007,GO:0035725
b0007,GO:0055085
b0007,GO:0005886
b0007,GO:0016020
b0007,GO:0005283
b0007,GO:0015293
b0008,GO:0005975
b0008,GO:0006098
b0008,GO:0009052
b0008,GO:0005737
b0008,GO:0005829
b0008,GO:0016020
b0008,GO:0004801
b0008,GO:0016740
b0008,GO:0016744
b0009,GO:0006777
b0009,GO:0032324
b0009,GO:0005829
b0009,GO:0005515
b0009,GO:0005524
b0009,GO:0016740
b0009,GO:0042802
b0009,GO:0061598
b0010,GO:0006811
b0010,GO:0035433
b0010,GO:0071422
b0010,GO:1902600
b0010,GO:0005886
b0010,GO:0016020
b0010,GO:0015293
b0010,GO:0015360
b0010,GO:0022857
b0014,GO:0006260
b0014,GO:0006457
b0014,GO:0009408
b0014,GO:0034620
b0014,GO:0042026
b0014,GO:0043335
b0014,GO:0045892
b0014,GO:0051085
b0014,GO:0065003
b0014,GO:1990169
b0014,GO:0005737
b0014,GO:0005829
b0014,GO:0005886
b0014,GO:0016020
b0014,GO:0016234
b0014,GO:0032991
b0014,GO:0005515
b0014,GO:0005524
b0014,GO:0008270
b0014,GO:0016887
b0014,GO:0016989
b0014,GO:0031072
b0014,GO:0043531
b0014,GO:0044183
b0014,GO:0051082
b0014,GO:0051087
b0014,GO:0140662
b0015,GO:0006260
b0015,GO:0006457
b0015,GO:0009408
b0015,GO:0016032
b0015,GO:0042026
b0015,GO:0043335
b0015,GO:0045892
b0015,GO:0051085
b0015,GO:0065003
b0015,GO:0005737
b0015,GO:0005829
b0015,GO:0016020
b0015,GO:0032991
b0015,GO:0003756
b0015,GO:0005515
b0015,GO:0005524
b0015,GO:0008270
b0015,GO:0015035
b0015,GO:0016989
b0015,GO:0031072
b0015,GO:0042803
b0015,GO:0046872
b0015,GO:0051082
b0015,GO:0051087
b0016,GO:0006310
b0016,GO:0006313
b0016,GO:0032196
b0016,GO:0003677
b0016,GO:0004803
b0018,GO:0005886
b0018,GO:0016020
b0019,GO:0006814
b0019,GO:0006885
b0019,GO:0009651
b0019,GO:0010446
b0019,GO:0035725
b0019,GO:0051453
b0019,GO:0055085
b0019,GO:0005886
b0019,GO:0016020
b0019,GO:0015081
b0019,GO:0015297
b0019,GO:0015385
b0019,GO:1901612
b0020,GO:0006355
b0020,GO:2000142
b0020,GO:2000144
b0020,GO:0005737
b0020,GO:0001216
b0020,GO:0003677
b0020,GO:0003700
b0021,GO:0006310
b0021,GO:0006313
b0021,GO:0032196
b0021,GO:0003677
b0021,GO:0004803
b0022,GO:0006310
b0022,GO:0006313
b0022,GO:0032196
b0023,GO:0000028
b0023,GO:0002181
b0023,GO:0006412
b0023,GO:0005737
b0023,GO:0005829
b0023,GO:0005840
b0023,GO:0015935
b0023,GO:0022627
b0023,GO:1990904
b0023,GO:0003723
b0023,GO:0003735
b0023,GO:0008073
b0023,GO:0019843
b0023,GO:0070181
b0024,GO:0006974
b0025,GO:0006747
b0025,GO:0006771
b0025,GO:0009231
b0025,GO:0009398
b0025,GO:0016310
b0025,GO:0003919
b0025,GO:0005515
b0025,GO:0005524
b0025,GO:0008531
b0025,GO:0016301
b0025,GO:0016779
b0026,GO:0006412
b0026,GO:0006418
b0026,GO:0006428
b0026,GO:0046677
b0026,GO:0106074
b0026,GO:0005737
b0026,GO:0005829
b0026,GO:0000049
b0026,GO:0002161
b0026,GO:0004812
b0026,GO:0004822
b0026,GO:0005515
b0026,GO:0005524
b0026,GO:0008270
b0026,GO:0046872
b0027,GO:0006508
b0027,GO:0005886
b0027,GO:0016020
b0027,GO:0004175
b0027,GO:0004190
b0028,GO:0006457
b0028,GO:0061077
b0028,GO:0005829
b0028,GO:0003755
b0028,GO:0005515
b0029,GO:0008299
b0029,GO:0016114
b0029,GO:0019288
b0029,GO:0050992
b0029,GO:0005829
b0029,GO:0016491
b0029,GO:0042380
b0029,GO:0046872
b0029,GO:0051538
b0029,GO:0051539
b0029,GO:0051745
b0030,GO:0006139
b0030,GO:0006144
b0030,GO:0006152
b0030,GO:0006206
b0030,GO:0006974
b0030,GO:0042454
b0030,GO:0005829
b0030,GO:0008477
b0030,GO:0016798
b0030,GO:0016799
b0030,GO:0045437
b0030,GO:0047622
b0030,GO:0047724
b0030,GO:0050263
b0031,GO:0008652
b0031,GO:0009085
b0031,GO:0009089
b0031,GO:0019877
b0031,GO:0005737
b0031,GO:0005829
b0031,GO:0008839
b0031,GO:0016491
b0031,GO:0016726
b0031,GO:0042802
b0031,GO:0050661
b0031,GO:0051287
b0032,GO:0006207
b0032,GO:0006221
b0032,GO:0006526
b0032,GO:0006541
b0032,GO:0019856
b0032,GO:0044205
b0032,GO:0005737
b0032,GO:0005829
b0032,GO:0005951
b0032,GO:0004088
b0032,GO:0004359
b0032,GO:0005515
b0032,GO:0005524
b0032,GO:0016874
b0032,GO:0046982
b0033,GO:0006221
b0033,GO:0006526
b0033,GO:0006541
b0033,GO:0008652
b0033,GO:0019856
b0033,GO:0044205
b0033,GO:0005737
b0033,GO:0005829
b0033,GO:0005951
b0033,GO:0000166
b0033,GO:0004087
b0033,GO:0004088
b0033,GO:0005515
b0033,GO:0005524
b0033,GO:0016597
b0033,GO:0016874
b0033,GO:0046872
b0034,GO:0006351
b0034,GO:0006355
b0034,GO:0009437
b0034,GO:0003700
b0035,GO:0009437
b0035,GO:0016740
b0036,GO:0006635
b0036,GO:0009437
b0036,GO:0042413
b0036,GO:0003824
b0036,GO:0008735
b0036,GO:0008809
b0036,GO:0016829
b0036,GO:0016836
b0036,GO:0120092
b0037,GO:0009437
b0037,GO:0005515
b0037,GO:0016405
b0037,GO:0016874
b0037,GO:0016877
b0037,GO:0016878
b0037,GO:0051108
b0037,GO:0051109
b0038,GO:0009437
b0038,GO:0042413
b0038,GO:0005737
b0038,GO:0008410
b0038,GO:0008735
b0038,GO:0016740
b0038,GO:0016782
b0039,GO:0009437
b0039,GO:0033539
b0039,GO:0005737
b0039,GO:0003995
b0039,GO:0016491
b0039,GO:0050660
b0039,GO:0052890
b0040,GO:0009437
b0040,GO:0015879
b0040,GO:1900749
b0040,GO:1900751
b0040,GO:1902270
b0040,GO:1902603
b0040,GO:0005886
b0040,GO:0016020
b0040,GO:0015226
b0040,GO:0015297
b0040,GO:0022857
b0040,GO:0044667
b0041,GO:0009437
b0041,GO:0042413
b0041,GO:0005515
b0041,GO:0009055
b0042,GO:0009437
b0042,GO:0033539
b0042,GO:0042413
b0042,GO:0005515
b0042,GO:0009055
b0042,GO:0050660
b0043,GO:0009437
b0043,GO:0016491
b0043,GO:0071949
b0044,GO:0005506
b0044,GO:0005515
b0044,GO:0046872
b0044,GO:0051539
b0045,GO:0006979
b0045,GO:0055085
b0045,GO:0005886
b0045,GO:0016020
b0045,GO:0022857
b0046,GO:0006813
b0046,GO:0032414
b0046,GO:0051453
b0046,GO:0051454
b0046,GO:1901381
b0046,GO:0005886
b0046,GO:1903103
b0046,GO:0003955
b0046,GO:0005515
b0046,GO:0008753
b0046,GO:0009055
b0046,GO:0010181
b0046,GO:0016491
b0046,GO:0042803
b0046,GO:0050136
b0047,GO:0006813
b0047,GO:0006885
b0047,GO:0009636
b0047,GO:0042542
b0047,GO:0051453
b0047,GO:0051454
b0047,GO:0051595
b0047,GO:0071805
b0047,GO:1902600
b0047,GO:0005886
b0047,GO:0016020
b0047,GO:1903103
b0047,GO:0000166
b0047,GO:0005515
b0047,GO:0015297
b0047,GO:0015503
b0047,GO:0015643
b0047,GO:0019899
b0047,GO:0042803
b0048,GO:0006730
b0048,GO:0009257
b0048,GO:0009410
b0048,GO:0031427
b0048,GO:0046452
b0048,GO:0046654
b0048,GO:0046655
b0048,GO:0046656
b0048,GO:0046677
b0048,GO:0005829
b0048,GO:0004146
b0048,GO:0005515
b0048,GO:0005542
b0048,GO:0016491
b0048,GO:0050661
b0048,GO:0051870
b0048,GO:0051871
b0048,GO:0070401
b0048,GO:0070402
b0049,GO:0010165
b0049,GO:0015949
b0049,GO:0110154
b0049,GO:0005737
b0049,GO:0008796
b0049,GO:0008803
b0049,GO:0016787
b0049,GO:0016791
b0050,GO:0070987
b0051,GO:0000028
b0051,GO:0000154
b0051,GO:0006364
b0051,GO:0030490
b0051,GO:0031167
b0051,GO:0032259
b0051,GO:0046677
b0051,GO:0070475
b0051,GO:0005737
b0051,GO:0005829
b0051,GO:0000179
b0051,GO:0003690
b0051,GO:0003723
b0051,GO:0003729
b0051,GO:0008168
b0051,GO:0016433
b0051,GO:0043024
b0051,GO:0052908
b0052,GO:0008615
b0052,GO:0042823
b0052,GO:0005737
b0052,GO:0000287
b0052,GO:0008270
b0052,GO:0016491
b0052,GO:0042802
b0052,GO:0042803
b0052,GO:0046872
b0052,GO:0050570
b0052,GO:0050897
b0052,GO:0051287
b0053,GO:0006457
b0053,GO:0036506
b0053,GO:0043165
b0053,GO:0050821
b0053,GO:0060274
b0053,GO:0061077
b0053,GO:0030288
b0053,GO:0042597
b0053,GO:0003755
b0053,GO:0005515
b0053,GO:0042277
b0053,GO:0051082
b0054,GO:0015920
b0054,GO:0043165
b0054,GO:0009279
b0054,GO:1990351
b0054,GO:0005515
b0055,GO:0005886
b0055,GO:0016020
b0055,GO:0051087
b0058,GO:0000455
b0058,GO:0001522
b0058,GO:0006364
b0058,GO:0006396
b0058,GO:0008033
b0058,GO:0009451
b0058,GO:0031118
b0058,GO:0031119
b0058,GO:0003723
b0058,GO:0009982
b0058,GO:0016853
b0058,GO:0106029
b0058,GO:0120159
b0058,GO:0140098
b0058,GO:0160142
b0058,GO:0160151
b0059,GO:0006338
b0059,GO:0006355
b0059,GO:0031507
b0059,GO:0045893
b0059,GO:0045944
b0059,GO:0005737
b0059,GO:0001000
b0059,GO:0003676
b0059,GO:0003677
b0059,GO:0003682
b0059,GO:0004386
b0059,GO:0005515
b0059,GO:0005524
b0059,GO:0016787
b0059,GO:0016817
b0059,GO:0016887
b0059,GO:0140658
b0059,GO:0140750
b0060,GO:0006261
b0060,GO:0006281
b0060,GO:0006974
b0060,GO:0009432
b0060,GO:0045004
b0060,GO:0071897
b0060,GO:0000166
b0060,GO:0003677
b0060,GO:0003887
b0060,GO:0008296
b0061,GO:0005996
b0061,GO:0019323
b0061,GO:0019324
b0061,GO:0019568
b0061,GO:0019569
b0061,GO:0005829
b0061,GO:0032991
b0061,GO:0003824
b0061,GO:0008270
b0061,GO:0008742
b0061,GO:0016832
b0061,GO:0016853
b0061,GO:0042802
b0061,GO:0046872
b0062,GO:0005996
b0062,GO:0019568
b0062,GO:0019569
b0062,GO:0005737
b0062,GO:0005829
b0062,GO:0008733
b0062,GO:0016853
b0062,GO:0030145
b0062,GO:0046872
b0063,GO:0016052
b0063,GO:0016310
b0063,GO:0019321
b0063,GO:0019568
b0063,GO:0019569
b0063,GO:0019572
b0063,GO:0005737
b0063,GO:0005524
b0063,GO:0008741
b0063,GO:0016301
b0063,GO:0016773
b0063,GO:0019150
b0064,GO:0006355
b0064,GO:0019568
b0064,GO:0045892
b0064,GO:0005737
b0064,GO:0005829
b0064,GO:0032993
b0064,GO:0000976
b0064,GO:0001217
b0064,GO:0003677
b0064,GO:0003700
b0064,GO:0005515
b0064,GO:0042802
b0064,GO:0043565
b0065,GO:0010212
b0065,GO:0043093
b0065,GO:0005886
b0066,GO:0071934
b0066,GO:0005886
b0066,GO:0016020
b0066,GO:0043190
b0066,GO:0055052
b0066,GO:0005524
b0066,GO:0015234
b0066,GO:0016887
b0066,GO:0042626
b0066,GO:0048502
b0067,GO:0015888
b0067,GO:0055085
b0067,GO:0071934
b0067,GO:0005886
b0067,GO:0016020
b0067,GO:0043190
b0067,GO:0055052
b0067,GO:0015234
b0067,GO:0022857
b0068,GO:0015888
b0068,GO:0055085
b0068,GO:0071934
b0068,GO:0016020
b0068,GO:0030288
b0068,GO:0042597
b0068,GO:0055052
b0068,GO:0030975
b0068,GO:0030976
b0069,GO:0015833
b0069,GO:0045892
b0069,GO:0045893
b0069,GO:0055085
b0069,GO:0000976
b0069,GO:0003677
b0069,GO:1904680
b0070,GO:0008643
b0070,GO:0015767
b0070,GO:0034219
b0070,GO:0036448
b0070,GO:0055085
b0070,GO:1902600
b0070,GO:1904659
b0070,GO:0005886
b0070,GO:0016020
b0070,GO:0005351
b0071,GO:0009098
b0071,GO:0005829
b0071,GO:0009316
b0071,GO:0003861
b0071,GO:0005515
b0071,GO:0016829
b0072,GO:0009098
b0072,GO:0019752
b0072,GO:0005829
b0072,GO:0009316
b0072,GO:0003861
b0072,GO:0005515
b0072,GO:0016829
b0072,GO:0046872
b0072,GO:0051539
b0073,GO:0009098
b0073,GO:0034198
b0073,GO:0005737
b0073,GO:0005829
b0073,GO:0000287
b0073,GO:0003862
b0073,GO:0016491
b0073,GO:0030145
b0073,GO:0046872
b0073,GO:0051287
b0074,GO:0009098
b0074,GO:0005737
b0074,GO:0005829
b0074,GO:0003852
b0074,GO:0003985
b0074,GO:0016740
b0074,GO:0030145
b0074,GO:0046872
b0074,GO:0046912
b0075,GO:0009098
b0076,GO:0006355
b0076,GO:0032993
b0076,GO:0003677
b0076,GO:0003700
b0076,GO:0043565
b0077,GO:0008652
b0077,GO:0009082
b0077,GO:0009097
b0077,GO:0009099
b0077,GO:0005829
b0077,GO:0005948
b0077,GO:0000287
b0077,GO:0003984
b0077,GO:0016740
b0077,GO:0030976
b0077,GO:0046872
b0077,GO:0050660
b0078,GO:0008652
b0078,GO:0009082
b0078,GO:0009097
b0078,GO:0009099
b0078,GO:0005829
b0078,GO:0005948
b0078,GO:0003984
b0078,GO:0016740
b0078,GO:1990610
b0080,GO:0006355
b0080,GO:0009750
b0080,GO:2000142
b0080,GO:0000976
b0080,GO:0000987
b0080,GO:0003677
b0080,GO:0003700
b0080,GO:0042802
b0081,GO:0006355
b0081,GO:0045892
b0081,GO:2000143
b0081,GO:0005737
b0081,GO:0009295
b0081,GO:0000976
b0081,GO:0003677
b0081,GO:0003700
b0081,GO:0043565
b0082,GO:0006364
b0082,GO:0032259
b0082,GO:0070475
b0082,GO:0005737
b0082,GO:0005829
b0082,GO:0008168
b0082,GO:0042803
b0082,GO:0071424
b0083,GO:0000917
b0083,GO:0043093
b0083,GO:0051301
b0083,GO:0005886
b0083,GO:0016020
b0083,GO:0032153
b0083,GO:1990586
b0083,GO:1990587
b0083,GO:1990588
b0083,GO:0005515
b0084,GO:0000917
b0084,GO:0006508
b0084,GO:0008360
b0084,GO:0009252
b0084,GO:0009410
b0084,GO:0043093
b0084,GO:0051301
b0084,GO:0071555
b0084,GO:0005886
b0084,GO:0032153
b0084,GO:1990586
b0084,GO:0004180
b0084,GO:0005515
b0084,GO:0008658
b0084,GO:0008955
b0084,GO:0009002
b0085,GO:0008360
b0085,GO:0009058
b0085,GO:0009252
b0085,GO:0051301
b0085,GO:0071555
b0085,GO:0005737
b0085,GO:0005829
b0085,GO:0000287
b0085,GO:0005515
b0085,GO:0005524
b0085,GO:0008765
b0085,GO:0016874
b0085,GO:0016881
b0086,GO:0008360
b0086,GO:0009058
b0086,GO:0009252
b0086,GO:0051301
b0086,GO:0071555
b0086,GO:0005737
b0086,GO:0005829
b0086,GO:0005524
b0086,GO:0008766
b0086,GO:0016874
b0086,GO:0016881
b0086,GO:0047480
b0087,GO:0008360
b0087,GO:0009252
b0087,GO:0044038
b0087,GO:0051301
b0087,GO:0071555
b0087,GO:0005886
b0087,GO:0016020
b0087,GO:0008963
b0087,GO:0016740
b0087,GO:0016780
b0087,GO:0046872
b0087,GO:0051992
b0088,GO:0008360
b0088,GO:0009058
b0088,GO:0009252
b0088,GO:0051301
b0088,GO:0071555
b0088,GO:0005737
b0088,GO:0005515
b0088,GO:0005524
b0088,GO:0008764
b0088,GO:0016874
b0088,GO:0016881
b0088,GO:0042802
b0089,GO:0000917
b0089,GO:0008360
b0089,GO:0009252
b0089,GO:0015836
b0089,GO:0043093
b0089,GO:0051301
b0089,GO:0071555
b0089,GO:0005886
b0089,GO:0016020
b0089,GO:0032153
b0089,GO:1990586
b0089,GO:0005515
b0089,GO:0008955
b0089,GO:0015648
b0089,GO:0016757
b0090,GO:0005975
b0090,GO:0008360
b0090,GO:0009252
b0090,GO:0030259
b0090,GO:0051301
b0090,GO:0071555
b0090,GO:1901137
b0090,GO:0005886
b0090,GO:0005515
b0090,GO:0016757
b0090,GO:0016758
b0090,GO:0050511
b0090,GO:0051991
b0091,GO:0008360
b0091,GO:0009058
b0091,GO:0009252
b0091,GO:0051301
b0091,GO:0071555
b0091,GO:0005737
b0091,GO:0000287
b0091,GO:0005515
b0091,GO:0005524
b0091,GO:0008763
b0091,GO:0016874
b0091,GO:0016881
b0091,GO:0042803
b0092,GO:0008360
b0092,GO:0009252
b0092,GO:0071555
b0092,GO:0005737
b0092,GO:0005829
b0092,GO:0003824
b0092,GO:0005524
b0092,GO:0008716
b0092,GO:0016874
b0092,GO:0042803
b0092,GO:0046872
b0093,GO:0000917
b0093,GO:0043093
b0093,GO:0051301
b0093,GO:0090529
b0093,GO:0005886
b0093,GO:0032153
b0093,GO:1990586
b0093,GO:1990587
b0093,GO:0005515
b0093,GO:0042802
b0094,GO:0000917
b0094,GO:0043093
b0094,GO:0051301
b0094,GO:0005829
b0094,GO:0005886
b0094,GO:0009898
b0094,GO:0032153
b0094,GO:1990586
b0094,GO:0005515
b0094,GO:0005524
b0094,GO:0042802
b0095,GO:0000917
b0095,GO:0043093
b0095,GO:0051258
b0095,GO:0051301
b0095,GO:0090529
b0095,GO:0005737
b0095,GO:0005886
b0095,GO:0032153
b0095,GO:1990586
b0095,GO:0003924
b0095,GO:0005515
b0095,GO:0005525
b0095,GO:0042802
b0096,GO:0006796
b0096,GO:0009245
b0096,GO:0019637
b0096,GO:1901135
b0096,GO:0005737
b0096,GO:0005506
b0096,GO:0008270
b0096,GO:0016787
b0096,GO:0019213
b0096,GO:0046872
b0096,GO:0103117
b0097,GO:0006417
b0097,GO:0005737
b0097,GO:0005829
b0097,GO:0042597
b0097,GO:0045182
b0098,GO:0006605
b0098,GO:0006612
b0098,GO:0006886
b0098,GO:0009306
b0098,GO:0015031
b0098,GO:0017038
b0098,GO:0043952
b0098,GO:0061077
b0098,GO:0065002
b0098,GO:0005737
b0098,GO:0005886
b0098,GO:0009898
b0098,GO:0016020
b0098,GO:0031522
b0098,GO:0005515
b0098,GO:0005524
b0098,GO:0008270
b0098,GO:0008564
b0098,GO:0042802
b0098,GO:0043021
b0098,GO:0043022
b0098,GO:0046872
b0098,GO:0070678
b0099,GO:0006203
b0099,GO:0006260
b0099,GO:0006281
b0099,GO:0006289
b0099,GO:0046067
b0099,GO:0000287
b0099,GO:0005515
b0099,GO:0008413
b0099,GO:0016787
b0099,GO:0030145
b0099,GO:0035539
b0099,GO:0044715
b0099,GO:0044716
b0099,GO:0046872
b0099,GO:0047693
b0101,GO:0006355
b0101,GO:0005515
b0101,GO:0008270
b0101,GO:0008657
b0101,GO:0046872
b0102,GO:0000917
b0102,GO:0043093
b0102,GO:0051301
b0102,GO:0090529
b0102,GO:0005737
b0102,GO:0005829
b0102,GO:0032153
b0102,GO:0005515
b0102,GO:0042802
b0102,GO:0042803
b0103,GO:0015937
b0103,GO:0016310
b0103,GO:0005737
b0103,GO:0004140
b0103,GO:0005524
b0103,GO:0016301
b0104,GO:0006163
b0104,GO:0009117
b0104,GO:0015951
b0104,GO:0032264
b0104,GO:0005737
b0104,GO:0005829
b0104,GO:1902560
b0104,GO:0003920
b0104,GO:0005515
b0104,GO:0016491
b0104,GO:0042802
b0104,GO:0046872
b0106,GO:0009306
b0106,GO:0015628
b0106,GO:0005886
b0106,GO:0016020
b0107,GO:0005886
b0107,GO:0005524
b0107,GO:0016887
b0108,GO:0043107
b0108,GO:0009289
b0108,GO:0016020
b0108,GO:0044096
b0109,GO:0009435
b0109,GO:0019363
b0109,GO:0034213
b0109,GO:0034628
b0109,GO:0005737
b0109,GO:0005829
b0109,GO:0004514
b0109,GO:0016757
b0110,GO:0009253
b0110,GO:0009254
b0110,GO:0071555
b0110,GO:0005737
b0110,GO:0008745
b0110,GO:0009392
b0110,GO:0016787
b0110,GO:0046872
b0111,GO:0046677
b0111,GO:0005886
b0112,GO:0006865
b0112,GO:0015823
b0112,GO:0015827
b0112,GO:0015828
b0112,GO:0055085
b0112,GO:0005886
b0112,GO:0016020
b0112,GO:0005302
b0112,GO:0015192
b0112,GO:0015196
b0113,GO:0006355
b0113,GO:0045892
b0113,GO:0045893
b0113,GO:0003677
b0113,GO:0003700
b0114,GO:0042867
b0114,GO:0005829
b0114,GO:0016020
b0114,GO:0045254
b0114,GO:0000287
b0114,GO:0004738
b0114,GO:0004739
b0114,GO:0005515
b0114,GO:0016491
b0114,GO:0030976
b0114,GO:0036094
b0114,GO:0042802
b0114,GO:0042803
b0114,GO:0046872
b0114,GO:0060090
b0115,GO:0006086
b0115,GO:0006090
b0115,GO:0006096
b0115,GO:0042867
b0115,GO:0005737
b0115,GO:0045254
b0115,GO:0004738
b0115,GO:0004742
b0115,GO:0005515
b0115,GO:0016407
b0115,GO:0016746
b0115,GO:0031405
b0118,GO:0006097
b0118,GO:0006099
b0118,GO:0006417
b0118,GO:0019629
b0118,GO:0005829
b0118,GO:0003723
b0118,GO:0003729
b0118,GO:0003730
b0118,GO:0003994
b0118,GO:0005515
b0118,GO:0016829
b0118,GO:0046872
b0118,GO:0047456
b0118,GO:0051539
b0119,GO:0005515
b0120,GO:0008295
b0120,GO:0097264
b0120,GO:0005829
b0120,GO:0000287
b0120,GO:0004014
b0120,GO:0016831
b0121,GO:0006596
b0121,GO:0008295
b0121,GO:0005737
b0121,GO:0005829
b0121,GO:0003824
b0121,GO:0004766
b0121,GO:0010487
b0121,GO:0016740
b0121,GO:0016768
b0121,GO:0042803
b0121,GO:0043918
b0123,GO:0010273
b0123,GO:0046688
b0123,GO:0030288
b0123,GO:0042597
b0123,GO:0004322
b0123,GO:0005507
b0123,GO:0016491
b0123,GO:0016682
b0123,GO:0016722
b0123,GO:0016724
b0123,GO:0046872
b0124,GO:0019595
b0124,GO:0005886
b0124,GO:0016020
b0124,GO:0030288
b0124,GO:0000287
b0124,GO:0005515
b0124,GO:0008876
b0124,GO:0016491
b0124,GO:0016614
b0124,GO:0048038
b0124,GO:0048039
b0124,GO:0070968
b0125,GO:0006166
b0125,GO:0006178
b0125,GO:0032263
b0125,GO:0032264
b0125,GO:0046100
b0125,GO:0051289
b0125,GO:0005737
b0125,GO:0005829
b0125,GO:0032991
b0125,GO:0000166
b0125,GO:0000287
b0125,GO:0004422
b0125,GO:0016757
b0125,GO:0042802
b0125,GO:0046872
b0125,GO:0052657
b0125,GO:0097216
b0126,GO:0015976
b0126,GO:0051289
b0126,GO:0005829
b0126,GO:0004089
b0126,GO:0005515
b0126,GO:0008270
b0126,GO:0016829
b0126,GO:0042802
b0126,GO:0046872
b0127,GO:0010165
b0127,GO:0005886
b0127,GO:0005515
b0127,GO:0005524
b0127,GO:0016887
b0128,GO:0055085
b0128,GO:0005886
b0128,GO:0016020
b0128,GO:0043190
b0128,GO:0140359
b0129,GO:0009401
b0129,GO:0016310
b0129,GO:0005737
b0129,GO:0016020
b0129,GO:0016301
b0130,GO:0005975
b0130,GO:0016810
b0131,GO:0006523
b0131,GO:0015940
b0131,GO:0016540
b0131,GO:0005737
b0131,GO:0005829
b0131,GO:0004068
b0131,GO:0016831
b0132,GO:0006310
b0132,GO:0004519
b0132,GO:1990238
b0133,GO:0015940
b0133,GO:0005737
b0133,GO:0005829
b0133,GO:0004592
b0133,GO:0005515
b0133,GO:0005524
b0133,GO:0016874
b0133,GO:0042802
b0133,GO:0042803
b0134,GO:0015940
b0134,GO:0005737
b0134,GO:0005829
b0134,GO:0016020
b0134,GO:0000287
b0134,GO:0003864
b0134,GO:0016740
b0134,GO:0042802
b0134,GO:0046872
b0135,GO:0006974
b0135,GO:0007155
b0135,GO:0043709
b0135,GO:0046677
b0135,GO:0009289
b0136,GO:0007155
b0136,GO:0043709
b0136,GO:0009289
b0137,GO:0007155
b0137,GO:0043709
b0137,GO:0009289
b0138,GO:0007155
b0138,GO:0043709
b0138,GO:0009289
b0139,GO:0007155
b0139,GO:0009297
b0139,GO:0055085
b0139,GO:0009279
b0139,GO:0016020
b0139,GO:0005515
b0139,GO:0015473
b0140,GO:0007155
b0140,GO:0061077
b0140,GO:0071555
b0140,GO:0030288
b0140,GO:0042597
b0141,GO:0007155
b0141,GO:0043709
b0141,GO:0009289
b0142,GO:0009396
b0142,GO:0016310
b0142,GO:0046654
b0142,GO:0046656
b0142,GO:0000287
b0142,GO:0003848
b0142,GO:0005524
b0142,GO:0016301
b0143,GO:0006276
b0143,GO:0006396
b0143,GO:0006397
b0143,GO:0009451
b0143,GO:0043633
b0143,GO:0071047
b0143,GO:0005737
b0143,GO:0005829
b0143,GO:0005886
b0143,GO:0003723
b0143,GO:0005524
b0143,GO:0016740
b0143,GO:0097748
b0143,GO:1990817
b0144,GO:0002097
b0144,GO:0006400
b0144,GO:0006424
b0144,GO:0005829
b0144,GO:0004812
b0144,GO:0004818
b0144,GO:0005524
b0144,GO:0008270
b0144,GO:0046872
b0145,GO:0006302
b0145,GO:0010468
b0145,GO:0005737
b0145,GO:0005829
b0145,GO:0008270
b0145,GO:0046872
b0145,GO:0097216
b0146,GO:0009891
b0146,GO:0003677
b0146,GO:0005515
b0147,GO:0004113
b0147,GO:0008081
b0147,GO:0008664
b0147,GO:0016787
b0148,GO:0003676
b0148,GO:0003724
b0148,GO:0003727
b0148,GO:0004386
b0148,GO:0005524
b0148,GO:0016787
b0148,GO:0016887
b0148,GO:0017111
b0149,GO:0006508
b0149,GO:0008360
b0149,GO:0009252
b0149,GO:0046677
b0149,GO:0051518
b0149,GO:0071433
b0149,GO:0071555
b0149,GO:0005886
b0149,GO:0009274
b0149,GO:0016020
b0149,GO:0030288
b0149,GO:0004180
b0149,GO:0005515
b0149,GO:0008233
b0149,GO:0008658
b0149,GO:0008955
b0149,GO:0009002
b0149,GO:0016757
b0150,GO:0006826
b0150,GO:0006879
b0150,GO:0015891
b0150,GO:0033214
b0150,GO:0044718
b0150,GO:0009279
b0150,GO:0016020
b0150,GO:1902495
b0150,GO:0005506
b0150,GO:0005515
b0150,GO:0015343
b0150,GO:0015344
b0150,GO:0015643
b0150,GO:0019904
b0150,GO:0038023
b0150,GO:0046790
b0151,GO:0006826
b0151,GO:0015687
b0151,GO:0044718
b0151,GO:0098711
b0151,GO:0005886
b0151,GO:0043190
b0151,GO:0055052
b0151,GO:0005524
b0151,GO:0015091
b0151,GO:0015344
b0151,GO:0015625
b0151,GO:0016887
b0152,GO:0006826
b0152,GO:0015687
b0152,GO:0098711
b0152,GO:0030288
b0152,GO:0042597
b0152,GO:0055052
b0152,GO:0005515
b0153,GO:0006826
b0153,GO:0015687
b0153,GO:0033214
b0153,GO:0044718
b0153,GO:0098711
b0153,GO:0005886
b0153,GO:0016020
b0153,GO:0043190
b0153,GO:0055052
b0153,GO:0005515
b0153,GO:0015344
b0153,GO:0022857
b0154,GO:0006779
b0154,GO:0006782
b0154,GO:0033014
b0154,GO:0005737
b0154,GO:0005829
b0154,GO:0003824
b0154,GO:0005515
b0154,GO:0008483
b0154,GO:0016853
b0154,GO:0030170
b0154,GO:0042286
b0154,GO:0042803
b0155,GO:0006811
b0155,GO:0006821
b0155,GO:0055085
b0155,GO:1902476
b0155,GO:1902600
b0155,GO:1990451
b0155,GO:0005886
b0155,GO:0005247
b0155,GO:0015297
b0155,GO:0042802
b0155,GO:0062158
b0156,GO:0009060
b0156,GO:0009061
b0156,GO:0016226
b0156,GO:0051604
b0156,GO:0106035
b0156,GO:0005829
b0156,GO:0005506
b0156,GO:0005515
b0156,GO:0046872
b0156,GO:0051536
b0156,GO:0051537
b0156,GO:0051539
b0157,GO:0005886
b0158,GO:0015889
b0158,GO:0016020
b0158,GO:0030288
b0158,GO:0042597
b0158,GO:1990191
b0158,GO:0005515
b0158,GO:0031419
b0160,GO:0006203
b0160,GO:0015949
b0160,GO:0043099
b0160,GO:0000287
b0160,GO:0003697
b0160,GO:0003924
b0160,GO:0008832
b0160,GO:0016787
b0160,GO:0030145
b0160,GO:0042802
b0160,GO:0050897
b0161,GO:0006457
b0161,GO:0006508
b0161,GO:0006515
b0161,GO:0006979
b0161,GO:0009266
b0161,GO:0009408
b0161,GO:0061077
b0161,GO:0005886
b0161,GO:0030288
b0161,GO:0042597
b0161,GO:0004175
b0161,GO:0004252
b0161,GO:0005515
b0161,GO:0008233
b0161,GO:0008236
b0161,GO:0042802
b0162,GO:0045893
b0162,GO:0003700
b0164,GO:0009245
b0164,GO:0008081
b0164,GO:0008758
b0164,GO:0016787
b0164,GO:0046872
b0166,GO:0009085
b0166,GO:0009089
b0166,GO:0019877
b0166,GO:0005737
b0166,GO:0005829
b0166,GO:0008666
b0166,GO:0016746
b0166,GO:0016747
b0166,GO:0016779
b0167,GO:0006808
b0167,GO:0005829
b0167,GO:0005515
b0167,GO:0008081
b0167,GO:0008773
b0167,GO:0016779
b0167,GO:0016787
b0168,GO:0006508
b0168,GO:0005829
b0168,GO:0004177
b0168,GO:0004239
b0168,GO:0008198
b0168,GO:0008235
b0168,GO:0046872
b0168,GO:0046914
b0168,GO:0070006
b0169,GO:0000028
b0169,GO:0002181
b0169,GO:0006412
b0169,GO:0005737
b0169,GO:0005840
b0169,GO:0015935
b0169,GO:0022627
b0169,GO:1990904
b0169,GO:0003735
b0169,GO:0005515
b0169,GO:0008270
b0170,GO:0006412
b0170,GO:0006414
b0170,GO:0005737
b0170,GO:0005829
b0170,GO:0016020
b0170,GO:0032045
b0170,GO:0003746
b0170,GO:0005085
b0170,GO:0005515
b0170,GO:0008270
b0171,GO:0006221
b0171,GO:0006225
b0171,GO:0016310
b0171,GO:0044210
b0171,GO:0046940
b0171,GO:0005737
b0171,GO:0005829
b0171,GO:0005524
b0171,GO:0009041
b0171,GO:0016301
b0171,GO:0033862
b0171,GO:0042802
b0172,GO:0002184
b0172,GO:0006412
b0172,GO:0006415
b0172,GO:0005737
b0172,GO:0005829
b0172,GO:0005515
b0172,GO:0043023
b0173,GO:0008299
b0173,GO:0019288
b0173,GO:0051484
b0173,GO:1990065
b0173,GO:0016491
b0173,GO:0030145
b0173,GO:0030604
b0173,GO:0042802
b0173,GO:0046872
b0173,GO:0070402
b0174,GO:0008360
b0174,GO:0009252
b0174,GO:0016094
b0174,GO:0043164
b0174,GO:0051301
b0174,GO:0071555
b0174,GO:0005737
b0174,GO:0005829
b0174,GO:0000287
b0174,GO:0008834
b0174,GO:0016740
b0174,GO:0016765
b0174,GO:0036094
b0174,GO:0042803
b0174,GO:0045547
b0174,GO:0046872
b0175,GO:0008654
b0175,GO:0016024
b0175,GO:0005886
b0175,GO:0016020
b0175,GO:0004605
b0175,GO:0016772
b0175,GO:0016779
b0176,GO:0006508
b0176,GO:0036460
b0176,GO:0045893
b0176,GO:0005886
b0176,GO:0016020
b0176,GO:0004175
b0176,GO:0004222
b0176,GO:0008237
b0176,GO:0043856
b0176,GO:0046872
b0177,GO:0007155
b0177,GO:0043165
b0177,GO:0051205
b0177,GO:0071709
b0177,GO:0009279
b0177,GO:0016020
b0177,GO:0019867
b0177,GO:1990063
b0177,GO:0005515
b0178,GO:0006457
b0178,GO:0022417
b0178,GO:0032978
b0178,GO:0043165
b0178,GO:0050821
b0178,GO:0061077
b0178,GO:0005829
b0178,GO:0030288
b0178,GO:0042597
b0178,GO:0001530
b0178,GO:0005515
b0178,GO:0042802
b0178,GO:0051082
b0179,GO:0009245
b0179,GO:0046677
b0179,GO:0005737
b0179,GO:0005829
b0179,GO:0005515
b0179,GO:0016410
b0179,GO:0016746
b0179,GO:0016747
b0179,GO:0042802
b0179,GO:0103118
b0180,GO:0006633
b0180,GO:0009245
b0180,GO:0005737
b0180,GO:0016829
b0180,GO:0016836
b0180,GO:0019171
b0180,GO:0042802
b0181,GO:0008610
b0181,GO:0009245
b0181,GO:0005737
b0181,GO:0005829
b0181,GO:0008780
b0181,GO:0016746
b0181,GO:0016747
b0181,GO:0042802
b0182,GO:0009245
b0182,GO:0005737
b0182,GO:0019897
b0182,GO:0031234
b0182,GO:0005515
b0182,GO:0005543
b0182,GO:0008915
b0182,GO:0016757
b0182,GO:0042802
b0183,GO:0006298
b0183,GO:0006401
b0183,GO:0043137
b0183,GO:1990516
b0183,GO:0005737
b0183,GO:0032299
b0183,GO:0003723
b0183,GO:0004519
b0183,GO:0004523
b0183,GO:0030145
b0183,GO:0046872
b0184,GO:0006260
b0184,GO:0006261
b0184,GO:0006272
b0184,GO:0006273
b0184,GO:0071897
b0184,GO:0005737
b0184,GO:0005829
b0184,GO:0009360
b0184,GO:0030894
b0184,GO:0044776
b0184,GO:0003676
b0184,GO:0003677
b0184,GO:0003887
b0184,GO:0005515
b0184,GO:0008408
b0185,GO:0006633
b0185,GO:0042759
b0185,GO:2001295
b0185,GO:0005737
b0185,GO:0005829
b0185,GO:0009317
b0185,GO:0009329
b0185,GO:0003989
b0185,GO:0005515
b0185,GO:0005524
b0185,GO:0016740
b0185,GO:0016743
b0185,GO:0042802
b0186,GO:0006520
b0186,GO:0006554
b0186,GO:0005737
b0186,GO:0005515
b0186,GO:0008923
b0186,GO:0016831
b0186,GO:0042802
b0187,GO:0046872
b0188,GO:0002136
b0188,GO:0006400
b0188,GO:0008033
b0188,GO:0005737
b0188,GO:0005829
b0188,GO:0005524
b0188,GO:0016874
b0188,GO:0016879
b0188,GO:0032267
b0188,GO:0042802
b0189,GO:0031554
b0189,GO:0031564
b0189,GO:0005515
b0191,GO:0006415
b0191,GO:0006417
b0191,GO:0072344
b0191,GO:0005737
b0191,GO:0003747
b0191,GO:0004045
b0191,GO:0016787
b0191,GO:0043022
b0192,GO:0007155
b0192,GO:0010810
b0192,GO:0036460
b0192,GO:1990169
b0192,GO:0009279
b0192,GO:0005515
b0192,GO:0042802
b0193,GO:0006508
b0193,GO:0005886
b0193,GO:0008234
b0194,GO:0006412
b0194,GO:0006433
b0194,GO:0106074
b0194,GO:0005737
b0194,GO:0005829
b0194,GO:0002161
b0194,GO:0004812
b0194,GO:0004827
b0194,GO:0005515
b0194,GO:0005524
b0194,GO:0043906
b0195,GO:0008033
b0195,GO:0030488
b0195,GO:0032259
b0195,GO:0000049
b0195,GO:0003723
b0195,GO:0008168
b0195,GO:0089715
b0196,GO:0007165
b0196,GO:0035556
b0196,GO:0036460
b0196,GO:0070299
b0196,GO:0009279
b0196,GO:0030288
b0196,GO:0031241
b0196,GO:0106234
b0196,GO:0005515
b0197,GO:0006865
b0197,GO:0015821
b0197,GO:0048473
b0197,GO:1903692
b0197,GO:0005886
b0197,GO:0016020
b0197,GO:0030288
b0197,GO:0055052
b0197,GO:1990197
b0197,GO:0005515
b0198,GO:0006865
b0198,GO:0015821
b0198,GO:0048473
b0198,GO:0055085
b0198,GO:1902475
b0198,GO:1903692
b0198,GO:0005886
b0198,GO:0016020
b0198,GO:0055052
b0198,GO:1990197
b0198,GO:0005515
b0198,GO:0015191
b0198,GO:0033232
b0199,GO:0006865
b0199,GO:0048473
b0199,GO:1902475
b0199,GO:1903692
b0199,GO:0005886
b0199,GO:0009276
b0199,GO:0016020
b0199,GO:0055052
b0199,GO:1990197
b0199,GO:0003824
b0199,GO:0005515
b0199,GO:0005524
b0199,GO:0015191
b0199,GO:0016887
b0199,GO:0033232
b0199,GO:0042626
b0200,GO:0005975
b0200,GO:0009103
b0200,GO:0009244
b0200,GO:0097171
b0200,GO:0005737
b0200,GO:0005829
b0200,GO:0000287
b0200,GO:0008270
b0200,GO:0016787
b0200,GO:0016791
b0200,GO:0034200
b0200,GO:0046872
b0207,GO:0019853
b0207,GO:0051596
b0207,GO:0005737
b0207,GO:0004033
b0207,GO:0016491
b0207,GO:0016616
b0207,GO:0047681
b0207,GO:1990002
b0208,GO:0006355
b0208,GO:0010212
b0208,GO:0000976
b0208,GO:0003677
b0208,GO:0003700
b0209,GO:0005737
b0209,GO:0003824
b0210,GO:0008168
b0210,GO:0008757
b0211,GO:0000270
b0211,GO:0071555
b0211,GO:0005886
b0211,GO:0016020
b0211,GO:0008932
b0211,GO:0008933
b0211,GO:0016829
b0212,GO:0009408
b0212,GO:0009636
b0212,GO:0019243
b0212,GO:0004416
b0212,GO:0008270
b0212,GO:0016787
b0212,GO:0046872
b0213,GO:0006744
b0213,GO:0008425
b0213,GO:0008757
b0214,GO:0006401
b0214,GO:0043137
b0214,GO:0005737
b0214,GO:0000287
b0214,GO:0003676
b0214,GO:0004519
b0214,GO:0004523
b0214,GO:0005515
b0214,GO:0046872
b0215,GO:0006259
b0215,GO:0006260
b0215,GO:0006261
b0215,GO:0006272
b0215,GO:0006273
b0215,GO:0045004
b0215,GO:0071897
b0215,GO:0005829
b0215,GO:0009360
b0215,GO:0030894
b0215,GO:0044776
b0215,GO:0003677
b0215,GO:0003887
b0215,GO:0004527
b0215,GO:0005515
b0215,GO:0008408
b0215,GO:0046872
b0217,GO:0005886
b0219,GO:0016787
b0219,GO:0050152
b0219,GO:0106008
b0220,GO:0043086
b0220,GO:0061077
b0220,GO:0030288
b0220,GO:0042597
b0220,GO:0042803
b0220,GO:0060241
b0221,GO:0006631
b0221,GO:0006635
b0221,GO:0009062
b0221,GO:0033539
b0221,GO:0005737
b0221,GO:0003995
b0221,GO:0004466
b0221,GO:0016491
b0221,GO:0050660
b0221,GO:0070991
b0222,GO:0005975
b0222,GO:0009103
b0222,GO:0009244
b0222,GO:0051289
b0222,GO:1901135
b0222,GO:2001061
b0222,GO:0005737
b0222,GO:0005829
b0222,GO:0032991
b0222,GO:0008270
b0222,GO:0008968
b0222,GO:0016853
b0222,GO:0042802
b0222,GO:0046872
b0222,GO:0097367
b0223,GO:0006541
b0223,GO:0005515
b0223,GO:0016740
b0225,GO:0006402
b0225,GO:0006415
b0225,GO:0040008
b0225,GO:0044010
b0225,GO:0045892
b0225,GO:0046677
b0225,GO:0110001
b0225,GO:0003677
b0225,GO:0003723
b0225,GO:0004519
b0225,GO:0004521
b0225,GO:0005515
b0225,GO:0016892
b0225,GO:0043022
b0226,GO:0006351
b0226,GO:0006355
b0226,GO:0040008
b0226,GO:0044010
b0226,GO:0045892
b0226,GO:2000143
b0226,GO:0110001
b0226,GO:0000987
b0226,GO:0003677
b0226,GO:0005515
b0226,GO:0015643
b0226,GO:0042803
b0226,GO:0043565
b0227,GO:0006508
b0227,GO:0005886
b0227,GO:0008234
b0228,GO:0006310
b0228,GO:0006313
b0228,GO:0032196
b0228,GO:0000014
b0228,GO:0000405
b0228,GO:0003677
b0228,GO:0003697
b0228,GO:0004803
b0228,GO:0032448
b0228,GO:0043565
b0231,GO:0000731
b0231,GO:0006260
b0231,GO:0006261
b0231,GO:0006281
b0231,GO:0006974
b0231,GO:0009432
b0231,GO:0042276
b0231,GO:0070987
b0231,GO:0005737
b0231,GO:0000287
b0231,GO:0003677
b0231,GO:0003684
b0231,GO:0003887
b0231,GO:0005515
b0231,GO:0008296
b0231,GO:0046872
b0232,GO:0006281
b0232,GO:0006355
b0232,GO:0006974
b0232,GO:0009432
b0232,GO:0040008
b0232,GO:0110001
b0232,GO:0003677
b0232,GO:0005515
b0233,GO:0006281
b0233,GO:0006355
b0233,GO:0009432
b0233,GO:0017148
b0233,GO:0040008
b0233,GO:0110001
b0233,GO:0003723
b0233,GO:0004519
b0233,GO:0004521
b0233,GO:0005515
b0233,GO:0043023
b0234,GO:0006281
b0234,GO:0009432
b0234,GO:0016746
b0234,GO:0016747
b0237,GO:0006508
b0237,GO:0043171
b0237,GO:0005829
b0237,GO:0005515
b0237,GO:0008237
b0237,GO:0008270
b0237,GO:0016787
b0237,GO:0016805
b0237,GO:0042803
b0237,GO:0046872
b0237,GO:0070573
b0238,GO:0006166
b0238,GO:0032263
b0238,GO:0032264
b0238,GO:0032265
b0238,GO:0051289
b0238,GO:0005829
b0238,GO:0005886
b0238,GO:0032991
b0238,GO:0000287
b0238,GO:0000310
b0238,GO:0004422
b0238,GO:0016757
b0238,GO:0042802
b0238,GO:0046872
b0238,GO:0052657
b0238,GO:0097216
b0239,GO:0043470
b0239,GO:0005515
b0239,GO:0016787
b0239,GO:0016788
b0239,GO:0052689
b0239,GO:0106435
b0241,GO:0006811
b0241,GO:0034220
b0241,GO:0009279
b0241,GO:0046930
b0241,GO:0015288
b0242,GO:0006561
b0242,GO:0008652
b0242,GO:0016310
b0242,GO:0055129
b0242,GO:0005737
b0242,GO:0005829
b0242,GO:0000287
b0242,GO:0003723
b0242,GO:0004349
b0242,GO:0005524
b0242,GO:0016301
b0242,GO:0042802
b0242,GO:0042803
b0242,GO:1901973
b0243,GO:0006561
b0243,GO:0008652
b0243,GO:0055129
b0243,GO:0005737
b0243,GO:0005829
b0243,GO:0004350
b0243,GO:0005515
b0243,GO:0016491
b0243,GO:0042802
b0243,GO:0050661
b0245,GO:0030308
b0246,GO:0051495
b0247,GO:0006508
b0247,GO:0006974
b0247,GO:0008237
b0247,GO:0046872
b0251,GO:0005886
b0253,GO:0002098
b0253,GO:0030488
b0253,GO:0005737
b0253,GO:0005829
b0253,GO:0005525
b0254,GO:0006351
b0254,GO:0006355
b0254,GO:0003677
b0254,GO:0003700
b0254,GO:0042802
b0254,GO:0043565
b0256,GO:0006310
b0256,GO:0006313
b0256,GO:0015074
b0256,GO:0032196
b0256,GO:0032993
b0256,GO:0003677
b0256,GO:0004803
b0256,GO:0032135
b0256,GO:0043565
b0259,GO:0006310
b0259,GO:0006313
b0259,GO:0032196
b0259,GO:0003677
b0259,GO:0004803
b0260,GO:0003333
b0260,GO:0006865
b0260,GO:0009086
b0260,GO:0015806
b0260,GO:0055085
b0260,GO:0005886
b0260,GO:0016020
b0260,GO:0000100
b0260,GO:0015171
b0261,GO:0006974
b0261,GO:0009086
b0261,GO:0032259
b0261,GO:0033477
b0261,GO:0033528
b0261,GO:0003824
b0261,GO:0008168
b0261,GO:0008270
b0261,GO:0008898
b0261,GO:0046872
b0261,GO:0061627
b0264,GO:0006310
b0264,GO:0006313
b0264,GO:0032196
b0264,GO:0003677
b0264,GO:0004803
b0265,GO:0006310
b0265,GO:0006313
b0265,GO:0032196
b0267,GO:0015074
b0267,GO:0005829
b0267,GO:0003676
b0268,GO:0046176
b0268,GO:0005737
b0268,GO:0005829
b0268,GO:0016829
b0268,GO:0042802
b0268,GO:0047440
b0268,GO:0061677
b0269,GO:0019752
b0269,GO:0046176
b0269,GO:0005829
b0269,GO:0016829
b0269,GO:0016836
b0269,GO:0050401
b0270,GO:0006814
b0270,GO:0008643
b0270,GO:0055085
b0270,GO:0005886
b0270,GO:0016020
b0270,GO:0015293
b0271,GO:0005975
b0271,GO:0045493
b0271,GO:0004553
b0271,GO:0009044
b0271,GO:0016798
b0272,GO:0006355
b0272,GO:0044010
b0272,GO:0045892
b0272,GO:0000976
b0272,GO:0003677
b0272,GO:0003700
b0273,GO:0006526
b0273,GO:0006591
b0273,GO:0006974
b0273,GO:0019240
b0273,GO:0042450
b0273,GO:0005737
b0273,GO:0004585
b0273,GO:0016597
b0273,GO:0016740
b0273,GO:0046872
b0278,GO:0006310
b0278,GO:0000150
b0278,GO:0003677
b0281,GO:0006310
b0281,GO:0010165
b0281,GO:0015074
b0281,GO:0044826
b0281,GO:0046718
b0281,GO:0075713
b0281,GO:0003677
b0283,GO:0005515
b0283,GO:0042803
b0283,GO:0043546
b0284,GO:0006974
b0284,GO:0009056
b0284,GO:0110095
b0284,GO:0030288
b0284,GO:0042597
b0284,GO:1990204
b0284,GO:0005506
b0284,GO:0005515
b0284,GO:0016491
b0284,GO:0016903
b0284,GO:0030151
b0284,GO:0046872
b0284,GO:0047770
b0285,GO:0009056
b0285,GO:0110095
b0285,GO:0030288
b0285,GO:0042597
b0285,GO:1990204
b0285,GO:0005515
b0285,GO:0016491
b0285,GO:0016903
b0285,GO:0046872
b0285,GO:0047770
b0285,GO:0050660
b0285,GO:0051539
b0285,GO:0071949
b0286,GO:0009056
b0286,GO:0110095
b0286,GO:0030288
b0286,GO:0042597
b0286,GO:1990204
b0286,GO:0005515
b0286,GO:0016491
b0286,GO:0016903
b0286,GO:0046872
b0286,GO:0047770
b0286,GO:0051537
b0287,GO:0010447
b0287,GO:0005886
b0288,GO:0046872
b0288,GO:0051536
b0290,GO:0009289
b0291,GO:0005515
b0292,GO:0005515
b0293,GO:0009289
b0296,GO:0002181
b0296,GO:0006412
b0296,GO:0034224
b0296,GO:0005737
b0296,GO:0005840
b0296,GO:0022625
b0296,GO:1990904
b0296,GO:0003735
b0298,GO:0006310
b0298,GO:0006313
b0298,GO:0032196
b0298,GO:0003677
b0298,GO:0004803
b0299,GO:0006310
b0299,GO:0015074
b0299,GO:0032196
b0299,GO:0003676
b0299,GO:0003677
b0301,GO:1901530
b0301,GO:0005886
b0303,GO:1901530
b0303,GO:0042597
b0304,GO:1901530
b0304,GO:0008823
b0304,GO:0016491
b0304,GO:0016651
b0304,GO:0016668
b0304,GO:0042803
b0304,GO:0050660
b0305,GO:0006355
b0305,GO:0045893
b0305,GO:0090347
b0305,GO:0001216
b0305,GO:0003677
b0305,GO:0003700
b0305,GO:0043565
b0306,GO:0005829
b0306,GO:0004459
b0307,GO:0006089
b0307,GO:1903457
b0307,GO:0004459
b0307,GO:0046872
b0307,GO:0051536
b0307,GO:0051539
b0308,GO:0005829
b0308,GO:0004459
b0310,GO:0005886
b0311,GO:0006970
b0311,GO:0019285
b0311,GO:0005886
b0311,GO:0016020
b0311,GO:0008802
b0311,GO:0008812
b0311,GO:0016491
b0311,GO:0050660
b0312,GO:0006970
b0312,GO:0010165
b0312,GO:0019285
b0312,GO:0051289
b0312,GO:0005829
b0312,GO:0032991
b0312,GO:0004030
b0312,GO:0008802
b0312,GO:0016491
b0312,GO:0042802
b0312,GO:0046872
b0313,GO:0006355
b0313,GO:0006970
b0313,GO:0019285
b0313,GO:0045892
b0313,GO:0000976
b0313,GO:0003677
b0313,GO:0003700
b0314,GO:0006974
b0314,GO:0015871
b0314,GO:0019285
b0314,GO:0055085
b0314,GO:0071705
b0314,GO:0005886
b0314,GO:0016020
b0314,GO:0015220
b0314,GO:0022857
b0315,GO:0006355
b0315,GO:0045893
b0315,GO:0000976
b0315,GO:0003677
b0315,GO:0016787
b0315,GO:0042803
b0315,GO:0046872
b0315,GO:0071111
b0316,GO:0006355
b0316,GO:0000976
b0316,GO:0003677
b0316,GO:0003700
b0316,GO:0005515
b0317,GO:0005886
b0318,GO:0009314
b0320,GO:0006099
b0320,GO:0005829
b0320,GO:0009361
b0320,GO:0003824
b0320,GO:0004775
b0320,GO:0004776
b0321,GO:0005886
b0323,GO:0006525
b0323,GO:0016310
b0323,GO:0019546
b0323,GO:0005829
b0323,GO:0008804
b0323,GO:0016301
b0324,GO:0016810
b0324,GO:0016814
b0325,GO:0008106
b0325,GO:0008270
b0325,GO:0016491
b0325,GO:0016616
b0325,GO:0046872
b0328,GO:0003333
b0328,GO:0006865
b0328,GO:0005886
b0328,GO:0016020
b0328,GO:0015171
b0329,GO:0009314
b0329,GO:0042597
b0330,GO:0000160
b0330,GO:0006355
b0330,GO:0009314
b0330,GO:0019629
b0330,GO:0045892
b0330,GO:0045893
b0330,GO:0005737
b0330,GO:0000156
b0330,GO:0003677
b0330,GO:0003700
b0330,GO:0005524
b0330,GO:0016887
b0330,GO:0043565
b0331,GO:0019629
b0331,GO:0000287
b0331,GO:0016829
b0331,GO:0016833
b0331,GO:0046421
b0331,GO:0046872
b0333,GO:0005975
b0333,GO:0006099
b0333,GO:0019679
b0333,GO:0005737
b0333,GO:0004108
b0333,GO:0016740
b0333,GO:0036440
b0333,GO:0042803
b0333,GO:0046912
b0333,GO:0050440
b0334,GO:0006099
b0334,GO:0019679
b0334,GO:0003994
b0334,GO:0016829
b0334,GO:0047547
b0334,GO:0051537
b0335,GO:0019629
b0335,GO:0005524
b0335,GO:0016874
b0335,GO:0016877
b0335,GO:0050218
b0336,GO:0015856
b0336,GO:0019858
b0336,GO:0055085
b0336,GO:1902600
b0336,GO:0005886
b0336,GO:0016020
b0336,GO:0015209
b0336,GO:0015295
b0337,GO:0006209
b0337,GO:0019858
b0337,GO:0005829
b0337,GO:0004131
b0337,GO:0008198
b0337,GO:0008270
b0337,GO:0016787
b0337,GO:0016810
b0337,GO:0035888
b0337,GO:0042802
b0337,GO:0046872
b0338,GO:0006355
b0338,GO:0005737
b0338,GO:0032993
b0338,GO:0003677
b0338,GO:0003700
b0339,GO:0009440
b0339,GO:0015976
b0339,GO:0005737
b0339,GO:0004089
b0339,GO:0008270
b0339,GO:0016829
b0339,GO:0042802
b0339,GO:0046872
b0340,GO:0009439
b0340,GO:0009440
b0340,GO:0003677
b0340,GO:0008824
b0340,GO:0016829
b0341,GO:0009440
b0341,GO:0055085
b0341,GO:0005886
b0341,GO:0016020
b0341,GO:0022857
b0342,GO:0005989
b0342,GO:0005737
b0342,GO:0008870
b0342,GO:0016407
b0342,GO:0016746
b0342,GO:0016747
b0342,GO:0042802
b0343,GO:0008643
b0343,GO:0015767
b0343,GO:0034219
b0343,GO:0055085
b0343,GO:1902600
b0343,GO:0005886
b0343,GO:0016020
b0343,GO:0005351
b0343,GO:0005515
b0343,GO:0015293
b0343,GO:0015528
b0343,GO:0030395
b0344,GO:0005975
b0344,GO:0005990
b0344,GO:0009056
b0344,GO:0009341
b0344,GO:0000287
b0344,GO:0004565
b0344,GO:0016798
b0344,GO:0030246
b0344,GO:0031420
b0344,GO:0042802
b0344,GO:0046872
b0345,GO:0006355
b0345,GO:0045892
b0345,GO:0005829
b0345,GO:0000976
b0345,GO:0000987
b0345,GO:0001217
b0345,GO:0003677
b0345,GO:0003700
b0345,GO:0042802
b0346,GO:0006355
b0346,GO:0009056
b0346,GO:0045892
b0346,GO:0003677
b0346,GO:0003700
b0347,GO:0009056
b0347,GO:0019380
b0347,GO:0019622
b0347,GO:0008688
b0347,GO:0016491
b0347,GO:0042802
b0347,GO:0071949
b0348,GO:0009056
b0348,GO:0019380
b0348,GO:0019622
b0348,GO:0046271
b0348,GO:0005506
b0348,GO:0008198
b0348,GO:0047070
b0348,GO:0051213
b0349,GO:0009056
b0349,GO:0019380
b0349,GO:0019622
b0349,GO:0005737
b0349,GO:0016787
b0349,GO:0018771
b0349,GO:0042803
b0349,GO:0052823
b0350,GO:0009056
b0350,GO:0019380
b0350,GO:0005737
b0350,GO:0008684
b0350,GO:0016829
b0350,GO:0030145
b0350,GO:0042802
b0351,GO:0009056
b0351,GO:0019380
b0351,GO:0005515
b0351,GO:0008774
b0351,GO:0016491
b0351,GO:0051287
b0352,GO:0009056
b0352,GO:0009098
b0352,GO:0019380
b0352,GO:0003824
b0352,GO:0003852
b0352,GO:0005515
b0352,GO:0008701
b0352,GO:0016829
b0352,GO:0030145
b0352,GO:0046872
b0353,GO:0015731
b0353,GO:0042920
b0353,GO:0055085
b0353,GO:0005886
b0353,GO:0016020
b0353,GO:0015293
b0353,GO:0015540
b0353,GO:0022857
b0354,GO:0005829
b0355,GO:0046292
b0355,GO:0046294
b0355,GO:0005829
b0355,GO:0016788
b0355,GO:0018738
b0355,GO:0052689
b0356,GO:0044281
b0356,GO:0046294
b0356,GO:0005737
b0356,GO:0005829
b0356,GO:0004022
b0356,GO:0008270
b0356,GO:0016491
b0356,GO:0016616
b0356,GO:0042802
b0356,GO:0046872
b0356,GO:0051903
b0356,GO:0080007
b0356,GO:0106321
b0356,GO:0106322
b0357,GO:0006355
b0357,GO:0045892
b0357,GO:0005737
b0357,GO:0003677
b0357,GO:0046872
b0358,GO:0009279
b0360,GO:0006310
b0360,GO:0006313
b0360,GO:0032196
b0360,GO:0003677
b0360,GO:0004803
b0361,GO:0006310
b0361,GO:0015074
b0361,GO:0032196
b0361,GO:0003676
b0361,GO:0003677
b0363,GO:0006974
b0363,GO:0016757
b0363,GO:0016874
b0364,GO:0016787
b0364,GO:0016811
b0365,GO:0009970
b0365,GO:0010438
b0365,GO:0015734
b0365,GO:0055085
b0365,GO:0016020
b0365,GO:0030288
b0365,GO:0042597
b0365,GO:0043190
b0365,GO:0055052
b0365,GO:0022857
b0366,GO:0010438
b0366,GO:0015734
b0366,GO:0005886
b0366,GO:0016020
b0366,GO:0055052
b0366,GO:0005524
b0366,GO:0015411
b0366,GO:0016887
b0367,GO:0010438
b0367,GO:0015734
b0367,GO:0055085
b0367,GO:0005886
b0367,GO:0016020
b0367,GO:0055052
b0368,GO:0006790
b0368,GO:0019529
b0368,GO:0051289
b0368,GO:0005737
b0368,GO:1990205
b0368,GO:0000908
b0368,GO:0008198
b0368,GO:0016491
b0368,GO:0031418
b0368,GO:0042802
b0368,GO:0046872
b0368,GO:0051213
b0369,GO:0006782
b0369,GO:0006783
b0369,GO:0033014
b0369,GO:0005829
b0369,GO:0000287
b0369,GO:0004655
b0369,GO:0008270
b0369,GO:0016829
b0369,GO:0046872
b0375,GO:0006979
b0376,GO:0006508
b0376,GO:0008360
b0376,GO:0009253
b0376,GO:0071555
b0376,GO:0005886
b0376,GO:0004175
b0376,GO:0004180
b0376,GO:0008658
b0377,GO:0015031
b0377,GO:0015833
b0377,GO:0042884
b0377,GO:0042885
b0377,GO:0046677
b0377,GO:0055085
b0377,GO:0005886
b0377,GO:0016020
b0377,GO:0005524
b0377,GO:0015291
b0377,GO:0015638
b0377,GO:0042803
b0377,GO:1904680
b0378,GO:1901652
b0378,GO:0005829
b0378,GO:0031240
b0379,GO:0005886
b0379,GO:0016020
b0380,GO:0005886
b0381,GO:0008360
b0381,GO:0009252
b0381,GO:0010165
b0381,GO:0071555
b0381,GO:0005737
b0381,GO:0005829
b0381,GO:0003824
b0381,GO:0005524
b0381,GO:0008716
b0381,GO:0016874
b0381,GO:0046872
b0382,GO:0009267
b0382,GO:0016036
b0382,GO:0042177
b0382,GO:0045893
b0382,GO:0005737
b0382,GO:0005515
b0382,GO:0043856
b0383,GO:0006470
b0383,GO:0030288
b0383,GO:0042597
b0383,GO:0000287
b0383,GO:0004035
b0383,GO:0004721
b0383,GO:0005515
b0383,GO:0008270
b0383,GO:0016787
b0383,GO:0016791
b0383,GO:0030613
b0383,GO:0033748
b0383,GO:0046872
b0385,GO:0043709
b0385,GO:1902201
b0385,GO:2001008
b0385,GO:0005886
b0385,GO:0005515
b0385,GO:0005525
b0385,GO:0016740
b0385,GO:0042802
b0385,GO:0046872
b0385,GO:0052621
b0386,GO:0006561
b0386,GO:0055129
b0386,GO:0005737
b0386,GO:0005829
b0386,GO:0004735
b0386,GO:0016491
b0386,GO:0042802
b0387,GO:0005515
b0388,GO:0008652
b0388,GO:0009073
b0388,GO:0009423
b0388,GO:0016310
b0388,GO:0019752
b0388,GO:0005737
b0388,GO:0005829
b0388,GO:0000287
b0388,GO:0004765
b0388,GO:0005524
b0388,GO:0016301
b0388,GO:0046872
b0390,GO:0016855
b0391,GO:0005829
b0391,GO:0004731
b0391,GO:0004850
b0391,GO:0009032
b0391,GO:0016154
b0391,GO:0016757
b0391,GO:0042803
b0391,GO:0047847
b0391,GO:0047975
b0393,GO:0000018
b0393,GO:0006310
b0393,GO:0005737
b0393,GO:0005829
b0393,GO:0009295
b0393,GO:0043590
b0393,GO:0003690
b0393,GO:0003697
b0394,GO:0016310
b0394,GO:0046835
b0394,GO:0005829
b0394,GO:0003824
b0394,GO:0004396
b0394,GO:0005524
b0394,GO:0008865
b0394,GO:0016301
b0394,GO:0019158
b0396,GO:0055085
b0396,GO:0005886
b0396,GO:0016020
b0396,GO:0022857
b0397,GO:0006260
b0397,GO:0006274
b0397,GO:0006281
b0397,GO:0006302
b0397,GO:0006310
b0397,GO:1990391
b0397,GO:0000014
b0397,GO:0004519
b0397,GO:0004527
b0397,GO:0004529
b0397,GO:0005515
b0397,GO:0005524
b0397,GO:0008296
b0397,GO:0016887
b0397,GO:1990238
b0398,GO:0006259
b0398,GO:0006260
b0398,GO:0006274
b0398,GO:0006281
b0398,GO:0006310
b0398,GO:1990391
b0398,GO:0000014
b0398,GO:0003677
b0398,GO:0004519
b0398,GO:0004527
b0398,GO:0004529
b0398,GO:0005515
b0398,GO:0008408
b0398,GO:0016787
b0398,GO:1990238
b0399,GO:0000160
b0399,GO:0006355
b0399,GO:0006817
b0399,GO:2000142
b0399,GO:0005737
b0399,GO:0005829
b0399,GO:0032993
b0399,GO:0000156
b0399,GO:0000976
b0399,GO:0001108
b0399,GO:0003677
b0399,GO:0042802
b0400,GO:0000160
b0400,GO:0006355
b0400,GO:0006817
b0400,GO:0007165
b0400,GO:0016036
b0400,GO:0016310
b0400,GO:0018106
b0400,GO:0005829
b0400,GO:0005886
b0400,GO:0016020
b0400,GO:0000155
b0400,GO:0004673
b0400,GO:0004721
b0400,GO:0005515
b0400,GO:0005524
b0400,GO:0016301
b0401,GO:0006865
b0401,GO:0015803
b0401,GO:0015818
b0401,GO:0015820
b0401,GO:0015829
b0401,GO:1902475
b0401,GO:1903785
b0401,GO:0005886
b0401,GO:0016020
b0401,GO:0005304
b0401,GO:0005515
b0401,GO:0015188
b0401,GO:0015190
b0401,GO:0015658
b0402,GO:0003333
b0402,GO:0006865
b0402,GO:0055085
b0402,GO:0005886
b0402,GO:0016020
b0402,GO:0015171
b0403,GO:0000023
b0403,GO:0005975
b0403,GO:0030980
b0403,GO:0005737
b0403,GO:0004558
b0403,GO:0016798
b0403,GO:0042803
b0404,GO:0006633
b0404,GO:0008770
b0404,GO:0016787
b0405,GO:0002099
b0405,GO:0006400
b0405,GO:0008616
b0405,GO:0009314
b0405,GO:0005737
b0405,GO:0005829
b0405,GO:0016740
b0405,GO:0016853
b0405,GO:0051075
b0406,GO:0002099
b0406,GO:0006400
b0406,GO:0008033
b0406,GO:0008616
b0406,GO:0101030
b0406,GO:0005737
b0406,GO:0005829
b0406,GO:0008270
b0406,GO:0008479
b0406,GO:0016757
b0406,GO:0046872
b0407,GO:0015031
b0407,GO:0032978
b0407,GO:0043952
b0407,GO:0005886
b0407,GO:0016020
b0407,GO:0031522
b0407,GO:0005515
b0408,GO:0006605
b0408,GO:0006886
b0408,GO:0015031
b0408,GO:0032978
b0408,GO:0043952
b0408,GO:0065002
b0408,GO:0005886
b0408,GO:0016020
b0408,GO:0031522
b0408,GO:0005515
b0408,GO:0015450
b0409,GO:0006605
b0409,GO:0006886
b0409,GO:0015031
b0409,GO:0032978
b0409,GO:0043952
b0409,GO:0065002
b0409,GO:0005886
b0409,GO:0016020
b0409,GO:0031522
b0409,GO:0015450
b0410,GO:0005829
b0410,GO:0003676
b0410,GO:0004518
b0410,GO:0004519
b0410,GO:0008270
b0411,GO:0006811
b0411,GO:0015858
b0411,GO:0046718
b0411,GO:0055085
b0411,GO:1901642
b0411,GO:0009279
b0411,GO:0046930
b0411,GO:0005337
b0411,GO:0015288
b0411,GO:0015471
b0412,GO:0005886
b0413,GO:0045892
b0413,GO:0003677
b0413,GO:0003690
b0413,GO:0005524
b0413,GO:0008270
b0413,GO:0046872
b0414,GO:0009231
b0414,GO:0005515
b0414,GO:0008270
b0414,GO:0008703
b0414,GO:0008835
b0414,GO:0016491
b0414,GO:0016787
b0414,GO:0046872
b0414,GO:0050661
b0415,GO:0009231
b0415,GO:0005737
b0415,GO:0005829
b0415,GO:0009349
b0415,GO:0000906
b0415,GO:0016740
b0416,GO:0006353
b0416,GO:0006355
b0416,GO:0031564
b0416,GO:0032784
b0416,GO:0042254
b0416,GO:0005829
b0416,GO:0003723
b0416,GO:0005515
b0417,GO:0009228
b0417,GO:0009229
b0417,GO:0016310
b0417,GO:0000287
b0417,GO:0005524
b0417,GO:0009030
b0417,GO:0016301
b0417,GO:0046872
b0418,GO:0006629
b0418,GO:0006655
b0418,GO:0009395
b0418,GO:0032026
b0418,GO:0046474
b0418,GO:0046839
b0418,GO:0005886
b0418,GO:0008962
b0418,GO:0016787
b0418,GO:0042577
b0418,GO:0046872
b0419,GO:0006772
b0419,GO:1902767
b0419,GO:0005829
b0419,GO:0016491
b0420,GO:0006744
b0420,GO:0006796
b0420,GO:0008299
b0420,GO:0008615
b0420,GO:0009228
b0420,GO:0016114
b0420,GO:0019288
b0420,GO:0019637
b0420,GO:0052865
b0420,GO:1901135
b0420,GO:0005829
b0420,GO:0000287
b0420,GO:0008661
b0420,GO:0016740
b0420,GO:0016744
b0420,GO:0030976
b0420,GO:0042803
b0420,GO:0046872
b0421,GO:0008299
b0421,GO:0033384
b0421,GO:0045337
b0421,GO:0005737
b0421,GO:0005829
b0421,GO:0004161
b0421,GO:0004337
b0421,GO:0004659
b0421,GO:0005515
b0421,GO:0016740
b0421,GO:0046872
b0422,GO:0006298
b0422,GO:0006308
b0422,GO:0005737
b0422,GO:0005829
b0422,GO:0009318
b0422,GO:0004527
b0422,GO:0005515
b0422,GO:0008855
b0423,GO:0002937
b0423,GO:0009228
b0423,GO:0009229
b0423,GO:0009589
b0423,GO:0019448
b0423,GO:0034227
b0423,GO:0052837
b0423,GO:0005737
b0423,GO:0005829
b0423,GO:1990221
b0423,GO:1990228
b0423,GO:0000049
b0423,GO:0003723
b0423,GO:0004810
b0423,GO:0005515
b0423,GO:0005524
b0423,GO:0016740
b0423,GO:0016783
b0423,GO:0097163
b0423,GO:0140741
b0424,GO:0006281
b0424,GO:0009228
b0424,GO:0009408
b0424,GO:0030091
b0424,GO:0034599
b0424,GO:0042026
b0424,GO:0042254
b0424,GO:0005737
b0424,GO:0005829
b0424,GO:0016787
b0424,GO:0036524
b0424,GO:0042803
b0425,GO:0015940
b0425,GO:0005737
b0425,GO:0008677
b0425,GO:0016491
b0425,GO:0016616
b0425,GO:0050661
b0426,GO:0006974
b0426,GO:0042542
b0426,GO:0005829
b0426,GO:0000049
b0426,GO:0000166
b0426,GO:0005515
b0426,GO:0005524
b0426,GO:0005525
b0427,GO:0055085
b0427,GO:0005886
b0427,GO:0016020
b0427,GO:0022857
b0428,GO:0006783
b0428,GO:0048034
b0428,GO:0005886
b0428,GO:0016020
b0428,GO:0008495
b0428,GO:0016740
b0429,GO:0009060
b0429,GO:0015990
b0429,GO:0019646
b0429,GO:0005886
b0429,GO:0009319
b0429,GO:0016020
b0429,GO:0005515
b0429,GO:0009055
b0429,GO:0009486
b0429,GO:0015078
b0429,GO:0015453
b0429,GO:0016491
b0430,GO:0009060
b0430,GO:0015990
b0430,GO:0019646
b0430,GO:0005886
b0430,GO:0009319
b0430,GO:0016020
b0430,GO:0004129
b0430,GO:0005515
b0430,GO:0009055
b0430,GO:0009486
b0430,GO:0015078
b0430,GO:0015453
b0430,GO:0016491
b0431,GO:0009060
b0431,GO:0015990
b0431,GO:0019646
b0431,GO:0022904
b0431,GO:1902600
b0431,GO:0005886
b0431,GO:0009319
b0431,GO:0016020
b0431,GO:0004129
b0431,GO:0005507
b0431,GO:0005515
b0431,GO:0009055
b0431,GO:0009486
b0431,GO:0015078
b0431,GO:0015453
b0431,GO:0016682
b0431,GO:0020037
b0431,GO:0046872
b0431,GO:0048039
b0432,GO:0009060
b0432,GO:0015990
b0432,GO:0019646
b0432,GO:0022900
b0432,GO:0042773
b0432,GO:0005886
b0432,GO:0009319
b0432,GO:0016020
b0432,GO:0004129
b0432,GO:0005507
b0432,GO:0009055
b0432,GO:0009486
b0432,GO:0015078
b0432,GO:0015453
b0432,GO:0016491
b0432,GO:0016682
b0433,GO:0009254
b0433,GO:0015835
b0433,GO:0055085
b0433,GO:0071555
b0433,GO:0005886
b0433,GO:0016020
b0433,GO:0015293
b0433,GO:0015647
b0433,GO:0022857
b0434,GO:0005886
b0435,GO:0006351
b0435,GO:0006879
b0435,GO:0016226
b0435,GO:0045454
b0435,GO:0005829
b0435,GO:1990229
b0435,GO:0003677
b0435,GO:0005515
b0436,GO:0006457
b0436,GO:0009408
b0436,GO:0015031
b0436,GO:0043335
b0436,GO:0051083
b0436,GO:0051301
b0436,GO:0061077
b0436,GO:1990169
b0436,GO:0005737
b0436,GO:0005829
b0436,GO:0016020
b0436,GO:0003755
b0436,GO:0005515
b0436,GO:0042802
b0436,GO:0043022
b0436,GO:0044183
b0437,GO:0006508
b0437,GO:0006515
b0437,GO:0009266
b0437,GO:0009314
b0437,GO:0009408
b0437,GO:0010498
b0437,GO:0043068
b0437,GO:0005737
b0437,GO:0005829
b0437,GO:0009368
b0437,GO:0009376
b0437,GO:0016020
b0437,GO:0004176
b0437,GO:0004252
b0437,GO:0005515
b0437,GO:0008236
b0437,GO:0042802
b0437,GO:0051117
b0438,GO:0006457
b0438,GO:0030164
b0438,GO:0043335
b0438,GO:0051301
b0438,GO:0051603
b0438,GO:0005829
b0438,GO:0009368
b0438,GO:0009376
b0438,GO:0002020
b0438,GO:0004176
b0438,GO:0005515
b0438,GO:0005524
b0438,GO:0008270
b0438,GO:0016887
b0438,GO:0042802
b0438,GO:0046872
b0438,GO:0046983
b0438,GO:0051082
b0438,GO:0097718
b0438,GO:0140662
b0439,GO:0006508
b0439,GO:0006515
b0439,GO:0009408
b0439,GO:0010165
b0439,GO:0030163
b0439,GO:0034605
b0439,GO:0005737
b0439,GO:0005829
b0439,GO:0003677
b0439,GO:0004176
b0439,GO:0004252
b0439,GO:0005515
b0439,GO:0005524
b0439,GO:0008233
b0439,GO:0008236
b0439,GO:0016887
b0439,GO:0043565
b0440,GO:0006270
b0440,GO:0006281
b0440,GO:0006351
b0440,GO:0030261
b0440,GO:0036386
b0440,GO:0005829
b0440,GO:1990103
b0440,GO:1990178
b0440,GO:0003677
b0440,GO:0005515
b0440,GO:0030527
b0440,GO:0042802
b0441,GO:0061077
b0441,GO:0005886
b0441,GO:0003755
b0441,GO:0005515
b0441,GO:0042802
b0442,GO:0006281
b0442,GO:0015628
b0442,GO:0015627
b0442,GO:0030288
b0442,GO:0003677
b0443,GO:0006635
b0443,GO:0016787
b0443,GO:0016790
b0443,GO:0047617
b0444,GO:0008616
b0444,GO:0005515
b0444,GO:0005524
b0444,GO:0008270
b0444,GO:0016874
b0444,GO:0016879
b0444,GO:0046872
b0445,GO:0015833
b0445,GO:0055085
b0445,GO:1904680
b0446,GO:0009228
b0446,GO:0017001
b0446,GO:0000287
b0446,GO:0002145
b0446,GO:0016787
b0446,GO:0016791
b0446,GO:0016818
b0446,GO:0017110
b0446,GO:0046872
b0447,GO:0009093
b0447,GO:0043200
b0447,GO:2000144
b0447,GO:0005829
b0447,GO:0003677
b0447,GO:0043565
b0448,GO:0046618
b0448,GO:0055085
b0448,GO:0005886
b0448,GO:0016020
b0448,GO:0005524
b0448,GO:0008559
b0448,GO:0016887
b0448,GO:0042626
b0448,GO:0140359
b0449,GO:0006869
b0449,GO:0046618
b0449,GO:0055085
b0449,GO:0005886
b0449,GO:0016020
b0449,GO:0005524
b0449,GO:0008559
b0449,GO:0016887
b0449,GO:0034040
b0449,GO:0140359
b0450,GO:0006808
b0450,GO:0045848
b0450,GO:0005737
b0450,GO:0005829
b0450,GO:0005886
b0450,GO:0005515
b0450,GO:0005524
b0450,GO:0030234
b0450,GO:0042802
b0451,GO:0015670
b0451,GO:0072488
b0451,GO:0005886
b0451,GO:0016020
b0451,GO:0005515
b0451,GO:0008519
b0451,GO:0042802
b0452,GO:0006629
b0452,GO:0006637
b0452,GO:0009062
b0452,GO:0005829
b0452,GO:0016787
b0452,GO:0042802
b0452,GO:0042803
b0452,GO:0047617
b0453,GO:0005886
b0453,GO:0005515
b0457,GO:0005829
b0457,GO:0005886
b0457,GO:0030288
b0457,GO:0016787
b0457,GO:0071111
b0458,GO:0005886
b0459,GO:0005829
b0459,GO:0032991
b0459,GO:0008374
b0459,GO:0008925
b0459,GO:0016407
b0459,GO:0016746
b0459,GO:0016747
b0459,GO:0042802
b0460,GO:0006355
b0460,GO:0010468
b0460,GO:0005667
b0460,GO:0005829
b0460,GO:0097495
b0460,GO:0003677
b0460,GO:0005515
b0461,GO:0044010
b0461,GO:0005737
b0461,GO:0003677
b0462,GO:0009410
b0462,GO:0009636
b0462,GO:0015721
b0462,GO:0015895
b0462,GO:0015908
b0462,GO:0042908
b0462,GO:0042930
b0462,GO:0046677
b0462,GO:0055085
b0462,GO:0140330
b0462,GO:0005886
b0462,GO:0016020
b0462,GO:0098567
b0462,GO:1990281
b0462,GO:0005515
b0462,GO:0015125
b0462,GO:0015562
b0462,GO:0015567
b0462,GO:0042802
b0462,GO:0042910
b0462,GO:0042931
b0463,GO:0009410
b0463,GO:0009636
b0463,GO:0015721
b0463,GO:0015895
b0463,GO:0015908
b0463,GO:0042908
b0463,GO:0046677
b0463,GO:0055085
b0463,GO:0140330
b0463,GO:0005886
b0463,GO:0016020
b0463,GO:0030288
b0463,GO:0098567
b0463,GO:1990281
b0463,GO:0005515
b0463,GO:0015125
b0463,GO:0015567
b0463,GO:0022857
b0463,GO:0042802
b0464,GO:0006355
b0464,GO:0009410
b0464,GO:0045892
b0464,GO:0000976
b0464,GO:0003677
b0464,GO:0003700
b0464,GO:0005515
b0464,GO:0015643
b0464,GO:0043565
b0465,GO:0006813
b0465,GO:0009992
b0465,GO:0034220
b0465,GO:0035864
b0465,GO:0055085
b0465,GO:0005886
b0465,GO:0016020
b0465,GO:0008381
b0465,GO:0022857
b0466,GO:0036460
b0467,GO:0006261
b0467,GO:0006268
b0467,GO:0006269
b0467,GO:0006270
b0467,GO:0031297
b0467,GO:1990077
b0467,GO:1990159
b0467,GO:1990160
b0467,GO:0003677
b0467,GO:0005515
b0468,GO:0005886
b0469,GO:0006166
b0469,GO:0006168
b0469,GO:0009116
b0469,GO:0044209
b0469,GO:0005737
b0469,GO:0005829
b0469,GO:0000287
b0469,GO:0003999
b0469,GO:0016757
b0469,GO:0042803
b0470,GO:0006260
b0470,GO:0006261
b0470,GO:0071897
b0470,GO:0075523
b0470,GO:0009360
b0470,GO:0030894
b0470,GO:0043846
b0470,GO:0003677
b0470,GO:0003887
b0470,GO:0005515
b0470,GO:0005524
b0470,GO:0016887
b0470,GO:0042802
b0470,GO:0046872
b0471,GO:0006950
b0471,GO:0009314
b0471,GO:0005737
b0471,GO:0005829
b0471,GO:0009295
b0471,GO:0043590
b0471,GO:0003677
b0471,GO:0005515
b0472,GO:0000725
b0472,GO:0000731
b0472,GO:0006281
b0472,GO:0006310
b0472,GO:0009411
b0472,GO:0003677
b0472,GO:0005515
b0472,GO:0046872
b0473,GO:0006457
b0473,GO:0006974
b0473,GO:0009408
b0473,GO:0043093
b0473,GO:0005737
b0473,GO:0005829
b0473,GO:0005886
b0473,GO:0005515
b0473,GO:0005524
b0473,GO:0016887
b0473,GO:0042802
b0473,GO:0042803
b0473,GO:0044183
b0473,GO:0051082
b0473,GO:0051087
b0473,GO:0140662
b0474,GO:0006139
b0474,GO:0006172
b0474,GO:0009123
b0474,GO:0009132
b0474,GO:0009165
b0474,GO:0015951
b0474,GO:0016310
b0474,GO:0044209
b0474,GO:0046940
b0474,GO:0005737
b0474,GO:0005829
b0474,GO:0000287
b0474,GO:0004017
b0474,GO:0004550
b0474,GO:0005515
b0474,GO:0005524
b0474,GO:0016208
b0474,GO:0016301
b0474,GO:0050145
b0475,GO:0006783
b0475,GO:0009416
b0475,GO:0046501
b0475,GO:0005737
b0475,GO:0004325
b0475,GO:0016829
b0475,GO:0046872
b0476,GO:0005737
b0476,GO:0005515
b0476,GO:0008126
b0476,GO:0016787
b0476,GO:0034338
b0476,GO:0042803
b0476,GO:0052689
b0477,GO:0006166
b0477,GO:0016310
b0477,GO:0032263
b0477,GO:0032264
b0477,GO:0005515
b0477,GO:0005524
b0477,GO:0008906
b0477,GO:0016301
b0477,GO:0016772
b0477,GO:0097216
b0477,GO:0106366
b0478,GO:0006811
b0478,GO:0006813
b0478,GO:1902600
b0478,GO:0005886
b0478,GO:0016020
b0478,GO:0000166
b0478,GO:0008324
b0478,GO:0015297
b0479,GO:0006974
b0479,GO:0046677
b0479,GO:0055085
b0479,GO:0005886
b0479,GO:0022857
b0480,GO:0009166
b0480,GO:0030288
b0480,GO:0042597
b0480,GO:0000166
b0480,GO:0008252
b0480,GO:0008253
b0480,GO:0008768
b0480,GO:0016787
b0480,GO:0016788
b0480,GO:0046872
b0480,GO:0106411
b0481,GO:0006412
b0481,GO:0010165
b0481,GO:0106074
b0481,GO:0005737
b0481,GO:0005829
b0481,GO:0002161
b0481,GO:0005515
b0481,GO:0016829
b0481,GO:0043906
b0481,GO:0043907
b0483,GO:0003677
b0484,GO:0006812
b0484,GO:0006825
b0484,GO:0035434
b0484,GO:0055070
b0484,GO:0055085
b0484,GO:0075523
b0484,GO:0098655
b0484,GO:0005737
b0484,GO:0005886
b0484,GO:0016020
b0484,GO:0005507
b0484,GO:0005524
b0484,GO:0015662
b0484,GO:0016887
b0484,GO:0019829
b0484,GO:0043682
b0484,GO:0046872
b0484,GO:0140581
b0486,GO:0006865
b0486,GO:0009268
b0486,GO:0055085
b0486,GO:1990169
b0486,GO:0005886
b0486,GO:0016020
b0486,GO:0022857
b0487,GO:0006351
b0487,GO:0045893
b0487,GO:0005737
b0487,GO:0032993
b0487,GO:0000976
b0487,GO:0000987
b0487,GO:0001216
b0487,GO:0003677
b0487,GO:0003700
b0487,GO:0005507
b0487,GO:0042802
b0487,GO:0046872
b0488,GO:0005886
b0489,GO:0005829
b0489,GO:0005886
b0489,GO:0016020
b0489,GO:0005515
b0489,GO:0042802
b0490,GO:0006826
b0490,GO:0006879
b0490,GO:0035435
b0490,GO:0005886
b0490,GO:0016020
b0490,GO:0043190
b0490,GO:0005315
b0490,GO:0005515
b0490,GO:0005524
b0490,GO:0016887
b0491,GO:0006826
b0491,GO:0006879
b0491,GO:0005886
b0491,GO:0043190
b0492,GO:0006950
b0492,GO:0034599
b0492,GO:0036506
b0492,GO:0042026
b0492,GO:0045454
b0492,GO:0061077
b0492,GO:0005829
b0492,GO:0005515
b0492,GO:0051082
b0493,GO:0008202
b0493,GO:0008106
b0493,GO:0016491
b0494,GO:0006508
b0494,GO:0006629
b0494,GO:0030288
b0494,GO:0042597
b0494,GO:0004064
b0494,GO:0004622
b0494,GO:0008233
b0494,GO:0016297
b0494,GO:0016298
b0494,GO:0016788
b0494,GO:0042802
b0494,GO:0047617
b0494,GO:0052816
b0495,GO:0005524
b0495,GO:0016887
b0496,GO:0005886
b0496,GO:0016020
b0497,GO:0010438
b0503,GO:0002098
b0503,GO:0070329
b0503,GO:0016740
b0503,GO:0016765
b0503,GO:0043828
b0504,GO:0006355
b0504,GO:0045893
b0504,GO:0003677
b0504,GO:0003700
b0504,GO:0043565
b0505,GO:0000256
b0505,GO:0006144
b0505,GO:0006145
b0505,GO:0004848
b0505,GO:0016829
b0505,GO:0050385
b0506,GO:0006355
b0506,GO:0006974
b0506,GO:0045892
b0506,GO:0005829
b0506,GO:0003677
b0506,GO:0003700
b0506,GO:0005515
b0506,GO:0042802
b0507,GO:0009097
b0507,GO:0009099
b0507,GO:0009436
b0507,GO:0019752
b0507,GO:0046296
b0507,GO:0005948
b0507,GO:0000287
b0507,GO:0009028
b0507,GO:0016829
b0507,GO:0030976
b0507,GO:0042802
b0507,GO:0050660
b0507,GO:0071949
b0508,GO:0046487
b0508,GO:0008903
b0508,GO:0016853
b0508,GO:0042803
b0509,GO:0006974
b0509,GO:0009436
b0509,GO:0009442
b0509,GO:0016054
b0509,GO:0046296
b0509,GO:0046487
b0509,GO:0008679
b0509,GO:0016491
b0509,GO:0016616
b0509,GO:0050661
b0509,GO:0051287
b0511,GO:0006144
b0511,GO:0015720
b0511,GO:0015851
b0511,GO:0055085
b0511,GO:0071705
b0511,GO:0005886
b0511,GO:0016020
b0511,GO:0015205
b0511,GO:0015293
b0511,GO:0022857
b0512,GO:0000256
b0512,GO:0006144
b0512,GO:0006145
b0512,GO:0009442
b0512,GO:0005737
b0512,GO:0004038
b0512,GO:0008270
b0512,GO:0016787
b0512,GO:0046872
b0512,GO:0050897
b0513,GO:0042906
b0513,GO:0055085
b0513,GO:0005886
b0513,GO:0016020
b0513,GO:0015205
b0513,GO:0022857
b0513,GO:0042907
b0514,GO:0009436
b0514,GO:0016310
b0514,GO:0031388
b0514,GO:0046296
b0514,GO:0005524
b0514,GO:0008887
b0514,GO:0016301
b0514,GO:0043798
b0515,GO:0006144
b0515,GO:0005737
b0515,GO:0016787
b0515,GO:0030145
b0515,GO:0046872
b0515,GO:0071522
b0516,GO:0000256
b0516,GO:0006144
b0516,GO:0009442
b0516,GO:0005737
b0516,GO:0008270
b0516,GO:0016787
b0516,GO:0030145
b0516,GO:0042803
b0516,GO:0046872
b0516,GO:0047652
b0517,GO:0000256
b0517,GO:0006144
b0517,GO:0009442
b0517,GO:0005737
b0517,GO:0009040
b0517,GO:0016491
b0518,GO:0006099
b0518,GO:0071973
b0518,GO:0005829
b0518,GO:0005886
b0518,GO:0009361
b0518,GO:0003824
b0518,GO:0004775
b0518,GO:0004776
b0522,GO:0006164
b0522,GO:0006189
b0522,GO:0005829
b0522,GO:0004638
b0522,GO:0005524
b0522,GO:0016874
b0522,GO:0034028
b0522,GO:0046872
b0523,GO:0006164
b0523,GO:0006189
b0523,GO:0005829
b0523,GO:0003824
b0523,GO:0016853
b0523,GO:0034023
b0523,GO:0042802
b0524,GO:0009245
b0524,GO:0005737
b0524,GO:0005886
b0524,GO:0019897
b0524,GO:0008758
b0524,GO:0016462
b0524,GO:0016787
b0524,GO:0030145
b0524,GO:0046872
b0525,GO:0000413
b0525,GO:0006457
b0525,GO:0061077
b0525,GO:0005737
b0525,GO:0005829
b0525,GO:0003755
b0525,GO:0005515
b0526,GO:0006412
b0526,GO:0006423
b0526,GO:0005737
b0526,GO:0005829
b0526,GO:0004812
b0526,GO:0004817
b0526,GO:0005524
b0526,GO:0008270
b0526,GO:0016874
b0526,GO:0046872
b0527,GO:0005886
b0528,GO:0006412
b0528,GO:0005829
b0528,GO:0003723
b0529,GO:0000105
b0529,GO:0006164
b0529,GO:0006730
b0529,GO:0009086
b0529,GO:0035999
b0529,GO:0005829
b0529,GO:0004477
b0529,GO:0004488
b0529,GO:0016491
b0529,GO:0016787
b0529,GO:0042803
b0530,GO:0007155
b0530,GO:0043709
b0530,GO:0009289
b0531,GO:0061077
b0531,GO:0071555
b0531,GO:0030288
b0531,GO:0042597
b0532,GO:0009297
b0532,GO:0055085
b0532,GO:0009279
b0532,GO:0016020
b0532,GO:0015473
b0533,GO:0007155
b0533,GO:0043709
b0533,GO:0009289
b0533,GO:0005537
b0534,GO:0007155
b0534,GO:0043709
b0534,GO:0009289
b0535,GO:0000160
b0535,GO:0006355
b0535,GO:0005737
b0535,GO:0003677
b0537,GO:0006310
b0537,GO:0015074
b0537,GO:0044826
b0537,GO:0046718
b0537,GO:0075713
b0537,GO:0005829
b0537,GO:0003677
b0537,GO:0008979
b0543,GO:0006805
b0543,GO:0006970
b0543,GO:0006974
b0543,GO:0009410
b0543,GO:0015871
b0543,GO:0031460
b0543,GO:0042908
b0543,GO:0055085
b0543,GO:0071466
b0543,GO:1990961
b0543,GO:0005886
b0543,GO:0016020
b0543,GO:1990207
b0543,GO:0015199
b0543,GO:0015220
b0543,GO:0015297
b0543,GO:0022857
b0543,GO:0042802
b0543,GO:0042910
b0544,GO:0006310
b0544,GO:0000150
b0544,GO:0003677
b0545,GO:0030288
b0545,GO:0042597
b0545,GO:0004857
b0546,GO:0006355
b0546,GO:0006974
b0546,GO:0046677
b0546,GO:0000976
b0546,GO:0003677
b0546,GO:0003700
b0546,GO:0043565
b0547,GO:0000405
b0547,GO:0003697
b0547,GO:0005515
b0549,GO:0004518
b0549,GO:0046872
b0550,GO:0006281
b0550,GO:0006310
b0550,GO:0000287
b0550,GO:0000400
b0550,GO:0004519
b0550,GO:0008821
b0550,GO:0042803
b0550,GO:0046872
b0551,GO:0031564
b0551,GO:0044010
b0551,GO:0060567
b0551,GO:0003677
b0554,GO:0001907
b0554,GO:0031640
b0554,GO:0044659
b0554,GO:0005886
b0554,GO:0140911
b0555,GO:0009253
b0555,GO:0016998
b0555,GO:0031640
b0555,GO:0042742
b0555,GO:0044659
b0555,GO:0003796
b0555,GO:0016798
b0556,GO:0006508
b0556,GO:0031640
b0556,GO:0042742
b0556,GO:0044659
b0556,GO:0008233
b0557,GO:0071286
b0557,GO:0005886
b0564,GO:0006355
b0564,GO:0010165
b0564,GO:0016036
b0564,GO:0045893
b0564,GO:0003677
b0564,GO:0003700
b0564,GO:0043565
b0565,GO:0006508
b0565,GO:0009279
b0565,GO:0004175
b0565,GO:0004190
b0565,GO:0004252
b0566,GO:0006355
b0566,GO:0009266
b0566,GO:0016020
b0566,GO:0003677
b0566,GO:0003700
b0566,GO:0043565
b0567,GO:0032940
b0567,GO:0009279
b0568,GO:0032940
b0568,GO:0046813
b0568,GO:0009279
b0569,GO:0045226
b0569,GO:0005886
b0569,GO:0005515
b0569,GO:0016757
b0569,GO:0016887
b0569,GO:0035438
b0570,GO:0000160
b0570,GO:0007165
b0570,GO:0016310
b0570,GO:0018106
b0570,GO:0071280
b0570,GO:0071292
b0570,GO:0005829
b0570,GO:0005886
b0570,GO:0016020
b0570,GO:0030288
b0570,GO:0000155
b0570,GO:0004673
b0570,GO:0005524
b0570,GO:0016301
b0570,GO:0046872
b0571,GO:0000160
b0571,GO:0006355
b0571,GO:0046688
b0571,GO:0005737
b0571,GO:0005829
b0571,GO:0032993
b0571,GO:0000156
b0571,GO:0000976
b0571,GO:0003677
b0571,GO:0042802
b0572,GO:0006811
b0572,GO:0006878
b0572,GO:0009636
b0572,GO:0010272
b0572,GO:0010273
b0572,GO:0035434
b0572,GO:0046688
b0572,GO:0055085
b0572,GO:0060003
b0572,GO:0070207
b0572,GO:1902601
b0572,GO:0009279
b0572,GO:0016020
b0572,GO:0046930
b0572,GO:0005375
b0572,GO:0005507
b0572,GO:0005515
b0572,GO:0015288
b0572,GO:0015562
b0572,GO:0019992
b0572,GO:0022857
b0572,GO:0042802
b0573,GO:0006878
b0573,GO:0009636
b0573,GO:0010043
b0573,GO:0010272
b0573,GO:0010273
b0573,GO:0035434
b0573,GO:0046688
b0573,GO:0060003
b0573,GO:1902601
b0573,GO:0030288
b0573,GO:0042597
b0573,GO:0005507
b0573,GO:0005515
b0573,GO:0016530
b0573,GO:0016531
b0573,GO:0046872
b0573,GO:0046914
b0574,GO:0006825
b0574,GO:0006878
b0574,GO:0009636
b0574,GO:0010272
b0574,GO:0010273
b0574,GO:0015679
b0574,GO:0035434
b0574,GO:0046688
b0574,GO:0055085
b0574,GO:0060003
b0574,GO:1902601
b0574,GO:0016020
b0574,GO:0030288
b0574,GO:0030313
b0574,GO:0005375
b0574,GO:0005507
b0574,GO:0005515
b0574,GO:0022857
b0574,GO:0046872
b0574,GO:0046914
b0575,GO:0006812
b0575,GO:0006825
b0575,GO:0006878
b0575,GO:0009636
b0575,GO:0010272
b0575,GO:0010273
b0575,GO:0015673
b0575,GO:0015679
b0575,GO:0035434
b0575,GO:0042908
b0575,GO:0046688
b0575,GO:0055085
b0575,GO:0060003
b0575,GO:1902601
b0575,GO:0005886
b0575,GO:0016020
b0575,GO:0005375
b0575,GO:0005507
b0575,GO:0005515
b0575,GO:0008324
b0575,GO:0015080
b0575,GO:0042910
b0576,GO:0006865
b0576,GO:0015823
b0576,GO:0055085
b0576,GO:0005886
b0576,GO:0016020
b0577,GO:0006970
b0577,GO:0034220
b0577,GO:0055085
b0577,GO:0071470
b0577,GO:0005886
b0577,GO:0016020
b0577,GO:0008381
b0577,GO:0042802
b0578,GO:0046256
b0578,GO:0005829
b0578,GO:0016020
b0578,GO:0003955
b0578,GO:0004155
b0578,GO:0010181
b0578,GO:0016491
b0578,GO:0042802
b0578,GO:0042803
b0580,GO:0005886
b0581,GO:0042398
b0581,GO:0004357
b0581,GO:0005524
b0581,GO:0016874
b0581,GO:0016879
b0581,GO:0042803
b0583,GO:0009237
b0583,GO:0009239
b0583,GO:0009366
b0583,GO:0016020
b0583,GO:0000287
b0583,GO:0008897
b0583,GO:0016740
b0583,GO:0046872
b0584,GO:0006826
b0584,GO:0006879
b0584,GO:0015685
b0584,GO:0015891
b0584,GO:0033214
b0584,GO:0042914
b0584,GO:0042930
b0584,GO:0044718
b0584,GO:0009279
b0584,GO:0016020
b0584,GO:0030313
b0584,GO:1902495
b0584,GO:0005515
b0584,GO:0015343
b0584,GO:0015344
b0584,GO:0015620
b0584,GO:0019904
b0584,GO:0022834
b0584,GO:0038023
b0584,GO:0042912
b0584,GO:0042931
b0584,GO:1903981
b0585,GO:0006826
b0585,GO:0033214
b0585,GO:0046214
b0585,GO:0005737
b0585,GO:0005506
b0585,GO:0008849
b0585,GO:0016787
b0586,GO:0009058
b0586,GO:0009239
b0586,GO:0043041
b0586,GO:0044550
b0586,GO:0005737
b0586,GO:0005829
b0586,GO:0005886
b0586,GO:0009366
b0586,GO:0003824
b0586,GO:0005524
b0586,GO:0016740
b0586,GO:0016779
b0586,GO:0016874
b0586,GO:0031177
b0586,GO:0047527
b0587,GO:0006826
b0587,GO:0015685
b0587,GO:0005886
b0587,GO:0016020
b0587,GO:0004713
b0587,GO:0015620
b0588,GO:0006826
b0588,GO:0015685
b0588,GO:0033212
b0588,GO:0005886
b0588,GO:0016020
b0588,GO:0043190
b0588,GO:0055052
b0588,GO:0005524
b0588,GO:0015620
b0588,GO:0016887
b0589,GO:0006826
b0589,GO:0015685
b0589,GO:0033212
b0589,GO:0033214
b0589,GO:0055085
b0589,GO:0005886
b0589,GO:0016020
b0589,GO:0055052
b0589,GO:0015620
b0589,GO:0022857
b0590,GO:0006826
b0590,GO:0015685
b0590,GO:0033212
b0590,GO:0033214
b0590,GO:0055085
b0590,GO:0005886
b0590,GO:0016020
b0590,GO:0043190
b0590,GO:0055052
b0590,GO:0015620
b0590,GO:0022857
b0591,GO:0006974
b0591,GO:0015891
b0591,GO:0042930
b0591,GO:0046677
b0591,GO:0005886
b0591,GO:0042931
b0592,GO:0006826
b0592,GO:0006974
b0592,GO:0015685
b0592,GO:0033212
b0592,GO:0016020
b0592,GO:0030288
b0592,GO:0042597
b0592,GO:0055052
b0593,GO:0009058
b0593,GO:0009239
b0593,GO:0000287
b0593,GO:0008909
b0593,GO:0016853
b0593,GO:0046872
b0594,GO:0009239
b0594,GO:0019290
b0594,GO:0005829
b0594,GO:0016020
b0594,GO:0005515
b0594,GO:0005524
b0594,GO:0008668
b0594,GO:0016746
b0594,GO:0016874
b0594,GO:0016877
b0594,GO:0047527
b0595,GO:0009239
b0595,GO:0005737
b0595,GO:0005829
b0595,GO:0005886
b0595,GO:0000287
b0595,GO:0005515
b0595,GO:0008908
b0595,GO:0016765
b0595,GO:0016787
b0595,GO:0016874
b0595,GO:0031177
b0595,GO:0042802
b0595,GO:0046872
b0595,GO:0047527
b0596,GO:0009239
b0596,GO:0019290
b0596,GO:0005829
b0596,GO:0032991
b0596,GO:0005515
b0596,GO:0008667
b0596,GO:0016491
b0596,GO:0042802
b0597,GO:0009239
b0597,GO:0005737
b0597,GO:0005829
b0597,GO:0005515
b0597,GO:0016289
b0597,GO:0016787
b0597,GO:0016788
b0597,GO:0016790
b0597,GO:0042802
b0597,GO:0061522
b0598,GO:0006849
b0598,GO:0009267
b0598,GO:0015031
b0598,GO:0015833
b0598,GO:0031669
b0598,GO:0005886
b0598,GO:0016020
b0598,GO:0005477
b0599,GO:0005515
b0599,GO:0016491
b0599,GO:0016614
b0599,GO:0016616
b0599,GO:0042802
b0599,GO:0046872
b0599,GO:0047545
b0600,GO:0009058
b0600,GO:0005737
b0600,GO:0003824
b0600,GO:0005515
b0600,GO:0008483
b0600,GO:0010326
b0600,GO:0016212
b0600,GO:0030170
b0600,GO:0042803
b0601,GO:0071453
b0601,GO:0005515
b0602,GO:0071453
b0602,GO:0003824
b0603,GO:0006355
b0603,GO:0003677
b0603,GO:0003700
b0604,GO:0061077
b0604,GO:0030288
b0604,GO:0042597
b0604,GO:0003756
b0604,GO:0042803
b0605,GO:0006979
b0605,GO:0009970
b0605,GO:0019290
b0605,GO:0033194
b0605,GO:0033195
b0605,GO:0042744
b0605,GO:0045454
b0605,GO:0098869
b0605,GO:0005737
b0605,GO:0005829
b0605,GO:0009321
b0605,GO:0016020
b0605,GO:0004601
b0605,GO:0005515
b0605,GO:0008379
b0605,GO:0016684
b0605,GO:0032843
b0605,GO:0042802
b0605,GO:0051920
b0605,GO:0102039
b0606,GO:0000302
b0606,GO:0006979
b0606,GO:0042744
b0606,GO:0045454
b0606,GO:0098869
b0606,GO:0005829
b0606,GO:0009321
b0606,GO:0004791
b0606,GO:0008785
b0606,GO:0016491
b0606,GO:0016668
b0606,GO:0050660
b0606,GO:0051287
b0606,GO:0071949
b0607,GO:0006950
b0607,GO:0046940
b0607,GO:1902021
b0607,GO:0005737
b0607,GO:0004017
b0607,GO:0004672
b0607,GO:0005515
b0607,GO:0042803
b0607,GO:0070733
b0608,GO:0008270
b0608,GO:0016491
b0608,GO:0016616
b0608,GO:0046872
b0610,GO:0006354
b0610,GO:0032784
b0610,GO:0003677
b0610,GO:0005515
b0610,GO:0070063
b0611,GO:0006401
b0611,GO:0005737
b0611,GO:0030288
b0611,GO:0042597
b0611,GO:0003723
b0611,GO:0004519
b0611,GO:0008847
b0611,GO:0016829
b0611,GO:0033897
b0612,GO:0055085
b0612,GO:0005886
b0612,GO:0016020
b0612,GO:0015297
b0612,GO:0022857
b0613,GO:0016310
b0613,GO:0051191
b0613,GO:0005524
b0613,GO:0016740
b0613,GO:0046917
b0614,GO:0051191
b0614,GO:0016779
b0614,GO:0050519
b0615,GO:0006084
b0615,GO:0006101
b0615,GO:0005737
b0615,GO:0009346
b0615,GO:0008814
b0615,GO:0008815
b0615,GO:0016740
b0615,GO:0016829
b0616,GO:0006084
b0616,GO:0006101
b0616,GO:0006107
b0616,GO:0005737
b0616,GO:0009346
b0616,GO:0000287
b0616,GO:0008815
b0616,GO:0008816
b0616,GO:0016829
b0616,GO:0046872
b0617,GO:0006084
b0617,GO:0006101
b0617,GO:0005737
b0617,GO:0009346
b0617,GO:0051192
b0618,GO:0009058
b0618,GO:0005515
b0618,GO:0005524
b0618,GO:0008771
b0618,GO:0016747
b0618,GO:0016874
b0619,GO:0000160
b0619,GO:0006355
b0619,GO:0016310
b0619,GO:0018106
b0619,GO:0005829
b0619,GO:0005886
b0619,GO:0030288
b0619,GO:0000155
b0619,GO:0004673
b0619,GO:0005515
b0619,GO:0005524
b0619,GO:0009927
b0619,GO:0016301
b0620,GO:0000160
b0620,GO:0006355
b0620,GO:0005737
b0620,GO:0000156
b0620,GO:0003677
b0620,GO:0003700
b0620,GO:0005515
b0621,GO:0015740
b0621,GO:0015741
b0621,GO:0019664
b0621,GO:0055085
b0621,GO:0071422
b0621,GO:0005886
b0621,GO:0016020
b0621,GO:0005469
b0621,GO:0015293
b0621,GO:0015297
b0621,GO:0015556
b0622,GO:0009245
b0622,GO:0009279
b0622,GO:0016416
b0622,GO:0016746
b0623,GO:0010468
b0623,GO:0031564
b0623,GO:0060567
b0623,GO:0005737
b0623,GO:0005829
b0623,GO:0001072
b0623,GO:0003676
b0623,GO:0003677
b0623,GO:0003697
b0623,GO:0003723
b0623,GO:0008143
b0623,GO:0042803
b0624,GO:1903424
b0624,GO:0005886
b0624,GO:1903425
b0627,GO:0015031
b0627,GO:0043953
b0627,GO:0065002
b0627,GO:0005886
b0627,GO:0016020
b0627,GO:0033281
b0627,GO:0008320
b0628,GO:0009107
b0628,GO:0009249
b0628,GO:0005737
b0628,GO:0005829
b0628,GO:0005515
b0628,GO:0016740
b0628,GO:0016992
b0628,GO:0042803
b0628,GO:0046872
b0628,GO:0051539
b0629,GO:0006355
b0629,GO:0003677
b0629,GO:0003700
b0630,GO:0009106
b0630,GO:0009107
b0630,GO:0009249
b0630,GO:0010629
b0630,GO:0036211
b0630,GO:0005737
b0630,GO:0003824
b0630,GO:0005515
b0630,GO:0016740
b0630,GO:0016746
b0630,GO:0033819
b0631,GO:0034605
b0631,GO:0005829
b0631,GO:0005515
b0632,GO:0000270
b0632,GO:0006508
b0632,GO:0008360
b0632,GO:0009252
b0632,GO:0051301
b0632,GO:0071555
b0632,GO:0005886
b0632,GO:0030288
b0632,GO:0004180
b0632,GO:0005515
b0632,GO:0008233
b0632,GO:0008658
b0632,GO:0008800
b0632,GO:0009002
b0632,GO:0042803
b0633,GO:0000270
b0633,GO:0043093
b0633,GO:0071555
b0633,GO:0005886
b0633,GO:0009279
b0633,GO:0008932
b0633,GO:0016829
b0633,GO:0042834
b0634,GO:0008360
b0634,GO:0009252
b0634,GO:0015836
b0634,GO:0051301
b0634,GO:0071555
b0634,GO:0005886
b0634,GO:0016020
b0634,GO:0032153
b0634,GO:0005515
b0634,GO:0008955
b0634,GO:0015648
b0634,GO:0016757
b0635,GO:0006508
b0635,GO:0008360
b0635,GO:0009252
b0635,GO:0046677
b0635,GO:0071555
b0635,GO:0005886
b0635,GO:0016020
b0635,GO:0030288
b0635,GO:0004180
b0635,GO:0005515
b0635,GO:0008658
b0635,GO:0009002
b0635,GO:0071972
b0636,GO:0006364
b0636,GO:0031167
b0636,GO:0032259
b0636,GO:0070475
b0636,GO:0005737
b0636,GO:0005515
b0636,GO:0008168
b0636,GO:0042803
b0636,GO:0043022
b0636,GO:0070038
b0637,GO:0006417
b0637,GO:0017148
b0637,GO:0042256
b0637,GO:0090071
b0637,GO:0005737
b0637,GO:0005829
b0637,GO:0005515
b0637,GO:0043023
b0638,GO:0009236
b0638,GO:0005737
b0638,GO:0016787
b0638,GO:0016791
b0638,GO:0043755
b0639,GO:0009165
b0639,GO:0009435
b0639,GO:0019363
b0639,GO:0034355
b0639,GO:0034628
b0639,GO:0000309
b0639,GO:0004515
b0639,GO:0005524
b0639,GO:0016779
b0639,GO:0070566
b0640,GO:0006260
b0640,GO:0006261
b0640,GO:0071897
b0640,GO:0009360
b0640,GO:0030894
b0640,GO:0043846
b0640,GO:0003677
b0640,GO:0003689
b0640,GO:0003887
b0640,GO:0005515
b0641,GO:0015920
b0641,GO:0043165
b0641,GO:0009279
b0641,GO:0019867
b0641,GO:1990351
b0641,GO:0001530
b0641,GO:0005515
b0642,GO:0006412
b0642,GO:0006418
b0642,GO:0006429
b0642,GO:0106074
b0642,GO:0005737
b0642,GO:0005829
b0642,GO:0002161
b0642,GO:0004812
b0642,GO:0004823
b0642,GO:0005515
b0642,GO:0005524
b0644,GO:0006979
b0646,GO:0005886
b0649,GO:0046686
b0649,GO:0005886
b0649,GO:0001671
b0650,GO:0006950
b0650,GO:0042026
b0650,GO:0051085
b0650,GO:0005829
b0650,GO:0005515
b0650,GO:0005524
b0650,GO:0016887
b0650,GO:0031072
b0650,GO:0044183
b0650,GO:0140662
b0651,GO:0006139
b0651,GO:0006152
b0651,GO:0006206
b0651,GO:0015949
b0651,GO:0046133
b0651,GO:0051289
b0651,GO:0005829
b0651,GO:0032991
b0651,GO:0005509
b0651,GO:0005515
b0651,GO:0008477
b0651,GO:0016798
b0651,GO:0042802
b0651,GO:0045437
b0651,GO:0050263
b0652,GO:0003333
b0652,GO:0006865
b0652,GO:0098712
b0652,GO:0140009
b0652,GO:0005886
b0652,GO:0016020
b0652,GO:0055052
b0652,GO:0005524
b0652,GO:0015424
b0652,GO:0015426
b0652,GO:0016887
b0652,GO:0102013
b0653,GO:0006865
b0653,GO:0055085
b0653,GO:0071705
b0653,GO:0098712
b0653,GO:0140009
b0653,GO:0005886
b0653,GO:0016020
b0653,GO:0043190
b0653,GO:0055052
b0653,GO:0022857
b0654,GO:0006865
b0654,GO:0055085
b0654,GO:0071705
b0654,GO:0098712
b0654,GO:0140009
b0654,GO:0005886
b0654,GO:0016020
b0654,GO:0043190
b0654,GO:0055052
b0654,GO:0022857
b0655,GO:0006865
b0655,GO:0015813
b0655,GO:0070778
b0655,GO:0098712
b0655,GO:0140009
b0655,GO:0005576
b0655,GO:0016020
b0655,GO:0030288
b0655,GO:0042597
b0655,GO:0055052
b0655,GO:0016595
b0655,GO:0070335
b0657,GO:0042158
b0657,GO:0005886
b0657,GO:0016020
b0657,GO:0030288
b0657,GO:0005515
b0657,GO:0016410
b0657,GO:0016746
b0659,GO:0006364
b0659,GO:0006412
b0659,GO:0009408
b0659,GO:0030490
b0659,GO:0031564
b0659,GO:0042254
b0659,GO:0042274
b0659,GO:0005737
b0659,GO:0004222
b0659,GO:0004519
b0659,GO:0004521
b0659,GO:0005515
b0659,GO:0008270
b0659,GO:0016151
b0659,GO:0016892
b0659,GO:0046872
b0660,GO:0005737
b0660,GO:0005829
b0660,GO:0005515
b0660,GO:0005524
b0661,GO:0006400
b0661,GO:0008033
b0661,GO:0030488
b0661,GO:0035600
b0661,GO:0005737
b0661,GO:0005829
b0661,GO:0005515
b0661,GO:0016740
b0661,GO:0035596
b0661,GO:0035597
b0661,GO:0046872
b0661,GO:0051539
b0662,GO:0006744
b0662,GO:0005737
b0662,GO:0110142
b0662,GO:0004497
b0662,GO:0005515
b0662,GO:0008682
b0662,GO:0016705
b0662,GO:0071949
b0674,GO:0006529
b0674,GO:0006541
b0674,GO:0008652
b0674,GO:0009063
b0674,GO:0070981
b0674,GO:0005737
b0674,GO:0005829
b0674,GO:0004066
b0674,GO:0004071
b0674,GO:0005524
b0674,GO:0016597
b0674,GO:0016874
b0674,GO:0042802
b0674,GO:0042803
b0676,GO:0006355
b0676,GO:0003677
b0676,GO:0003700
b0677,GO:0006040
b0677,GO:0006044
b0677,GO:0006046
b0677,GO:0019262
b0677,GO:0051289
b0677,GO:0032991
b0677,GO:0008270
b0677,GO:0008448
b0677,GO:0016787
b0677,GO:0042802
b0677,GO:0046872
b0677,GO:0047419
b0678,GO:0005975
b0678,GO:0006043
b0678,GO:0006044
b0678,GO:0006046
b0678,GO:0006048
b0678,GO:0019262
b0678,GO:0005737
b0678,GO:0005829
b0678,GO:0004342
b0678,GO:0005515
b0678,GO:0016787
b0678,GO:0042802
b0679,GO:0006974
b0679,GO:0009254
b0679,GO:0009401
b0679,GO:0015764
b0679,GO:0016310
b0679,GO:0005886
b0679,GO:0019866
b0679,GO:0005515
b0679,GO:0008982
b0679,GO:0015572
b0679,GO:0016301
b0679,GO:0046872
b0679,GO:0090563
b0679,GO:0090586
b0679,GO:0090587
b0679,GO:0103111
b0680,GO:0006412
b0680,GO:0006418
b0680,GO:0006424
b0680,GO:0006425
b0680,GO:0005737
b0680,GO:0005829
b0680,GO:0004812
b0680,GO:0004819
b0680,GO:0005524
b0681,GO:0006811
b0681,GO:0015772
b0681,GO:0015774
b0681,GO:0052778
b0681,GO:0055085
b0681,GO:0009279
b0681,GO:0016020
b0681,GO:0046930
b0681,GO:0015267
b0681,GO:0015288
b0682,GO:0005886
b0683,GO:0006355
b0683,GO:0045892
b0683,GO:0045893
b0683,GO:1900705
b0683,GO:0005737
b0683,GO:0005829
b0683,GO:0032993
b0683,GO:0000976
b0683,GO:0001216
b0683,GO:0001217
b0683,GO:0003677
b0683,GO:0003700
b0683,GO:0008270
b0683,GO:0043565
b0683,GO:0046872
b0684,GO:0005737
b0684,GO:0005829
b0684,GO:0000166
b0684,GO:0005515
b0684,GO:0009055
b0684,GO:0010181
b0685,GO:0006355
b0685,GO:0006974
b0685,GO:0005515
b0686,GO:0005829
b0686,GO:0016790
b0686,GO:0052689
b0686,GO:0106435
b0687,GO:0006355
b0687,GO:0007062
b0687,GO:0008156
b0687,GO:0009314
b0687,GO:0032297
b0687,GO:0090143
b0687,GO:0005737
b0687,GO:0005829
b0687,GO:0032991
b0687,GO:1990097
b0687,GO:0003677
b0687,GO:0003688
b0687,GO:0005515
b0687,GO:0010385
b0687,GO:0042802
b0687,GO:0042803
b0687,GO:0043565
b0687,GO:0044729
b0688,GO:0005975
b0688,GO:0006006
b0688,GO:0005737
b0688,GO:0005829
b0688,GO:0000287
b0688,GO:0004614
b0688,GO:0005515
b0688,GO:0016853
b0688,GO:0016868
b0688,GO:0046872
b0689,GO:0005886
b0692,GO:0006865
b0692,GO:0015822
b0692,GO:0015847
b0692,GO:0055085
b0692,GO:1903352
b0692,GO:0005886
b0692,GO:0016020
b0692,GO:0015293
b0692,GO:0015297
b0692,GO:0015489
b0692,GO:0015496
b0693,GO:0006520
b0693,GO:0008295
b0693,GO:0033387
b0693,GO:0071468
b0693,GO:0005737
b0693,GO:0005829
b0693,GO:0004586
b0693,GO:0016831
b0693,GO:0030170
b0693,GO:0042803
b0694,GO:0000160
b0694,GO:0006355
b0694,GO:0045893
b0694,GO:0005737
b0694,GO:0005829
b0694,GO:0032993
b0694,GO:0000156
b0694,GO:0000976
b0694,GO:0000987
b0694,GO:0001216
b0694,GO:0003677
b0694,GO:0003700
b0694,GO:0005515
b0694,GO:0042803
b0695,GO:0000160
b0695,GO:0007165
b0695,GO:0016310
b0695,GO:0018106
b0695,GO:0035865
b0695,GO:0005829
b0695,GO:0005886
b0695,GO:0016020
b0695,GO:0030288
b0695,GO:0000155
b0695,GO:0004673
b0695,GO:0005515
b0695,GO:0005524
b0695,GO:0016301
b0695,GO:0016772
b0695,GO:0042803
b0696,GO:0006813
b0696,GO:0071805
b0696,GO:0098655
b0696,GO:0005886
b0696,GO:0016020
b0696,GO:0031004
b0696,GO:1903103
b0696,GO:0005515
b0696,GO:0005524
b0696,GO:0008556
b0697,GO:0006813
b0697,GO:0071805
b0697,GO:0098655
b0697,GO:0005886
b0697,GO:0016020
b0697,GO:0031004
b0697,GO:1903103
b0697,GO:0000287
b0697,GO:0005515
b0697,GO:0005524
b0697,GO:0008556
b0697,GO:0015662
b0697,GO:0016887
b0697,GO:0046872
b0698,GO:0006813
b0698,GO:0071805
b0698,GO:0098655
b0698,GO:0005886
b0698,GO:0031004
b0698,GO:1903103
b0698,GO:0005515
b0698,GO:0008556
b0698,GO:0030955
b0699,GO:0009314
b0699,GO:0005886
b0700,GO:0005515
b0702,GO:0005886
b0706,GO:0006313
b0706,GO:0003677
b0706,GO:0004803
b0709,GO:0015031
b0709,GO:0015833
b0709,GO:0035442
b0709,GO:0042938
b0709,GO:0042939
b0709,GO:0055085
b0709,GO:1902600
b0709,GO:0005886
b0709,GO:0016020
b0709,GO:0015333
b0709,GO:0042937
b0709,GO:0071916
b0709,GO:1904680
b0710,GO:0006281
b0710,GO:0010212
b0710,GO:0034214
b0710,GO:0005737
b0710,GO:0005829
b0710,GO:0060187
b0710,GO:0042802
b0710,GO:0046872
b0711,GO:0005524
b0711,GO:0016787
b0711,GO:0017168
b0712,GO:0005829
b0712,GO:0005524
b0712,GO:0016787
b0712,GO:0017168
b0713,GO:0005975
b0713,GO:0005524
b0713,GO:0016787
b0713,GO:0017168
b0714,GO:0006281
b0714,GO:0006284
b0714,GO:0000703
b0714,GO:0003677
b0714,GO:0003684
b0714,GO:0003906
b0714,GO:0008270
b0714,GO:0016787
b0714,GO:0016798
b0714,GO:0016829
b0714,GO:0046872
b0714,GO:0140078
b0715,GO:0010468
b0715,GO:0005886
b0715,GO:0016020
b0716,GO:0007155
b0716,GO:0009289
b0717,GO:0006457
b0717,GO:0061077
b0717,GO:0071555
b0717,GO:0030288
b0717,GO:0042597
b0718,GO:0009297
b0718,GO:0055085
b0718,GO:0009279
b0718,GO:0016020
b0718,GO:0015473
b0719,GO:0007155
b0719,GO:0043709
b0719,GO:0009289
b0719,GO:0005515
b0720,GO:0006099
b0720,GO:0034214
b0720,GO:0005737
b0720,GO:0005829
b0720,GO:0004108
b0720,GO:0005515
b0720,GO:0016740
b0720,GO:0036440
b0720,GO:0042802
b0720,GO:0046912
b0720,GO:0070404
b0721,GO:0006099
b0721,GO:0009060
b0721,GO:0017004
b0721,GO:0019646
b0721,GO:0005886
b0721,GO:0016020
b0721,GO:0008177
b0721,GO:0009055
b0721,GO:0020037
b0721,GO:0046872
b0721,GO:0048039
b0722,GO:0006099
b0722,GO:0009060
b0722,GO:0017004
b0722,GO:0019646
b0722,GO:0005886
b0722,GO:0016020
b0722,GO:0009055
b0722,GO:0020037
b0722,GO:0046872
b0723,GO:0006099
b0723,GO:0009060
b0723,GO:0009061
b0723,GO:0019646
b0723,GO:0022900
b0723,GO:0005886
b0723,GO:0016020
b0723,GO:0045273
b0723,GO:0000104
b0723,GO:0005515
b0723,GO:0008177
b0723,GO:0009055
b0723,GO:0016491
b0723,GO:0016627
b0723,GO:0050660
b0724,GO:0006099
b0724,GO:0009060
b0724,GO:0019646
b0724,GO:0022904
b0724,GO:0005886
b0724,GO:0016020
b0724,GO:0005515
b0724,GO:0008177
b0724,GO:0009055
b0724,GO:0016491
b0724,GO:0046872
b0724,GO:0051536
b0724,GO:0051537
b0724,GO:0051538
b0724,GO:0051539
b0726,GO:0006099
b0726,GO:0005737
b0726,GO:0005829
b0726,GO:0045252
b0726,GO:0000166
b0726,GO:0000287
b0726,GO:0004591
b0726,GO:0005515
b0726,GO:0016491
b0726,GO:0016624
b0726,GO:0030976
b0726,GO:0042802
b0727,GO:0006099
b0727,GO:0033512
b0727,GO:0005737
b0727,GO:0005829
b0727,GO:0045252
b0727,GO:0004149
b0727,GO:0005515
b0727,GO:0016746
b0727,GO:0031405
b0728,GO:0006099
b0728,GO:0006104
b0728,GO:0005737
b0728,GO:0005829
b0728,GO:0009361
b0728,GO:0042709
b0728,GO:0000287
b0728,GO:0003824
b0728,GO:0004775
b0728,GO:0004776
b0728,GO:0005515
b0728,GO:0005524
b0728,GO:0016874
b0728,GO:0046872
b0729,GO:0006099
b0729,GO:0005737
b0729,GO:0005829
b0729,GO:0009361
b0729,GO:0000166
b0729,GO:0003824
b0729,GO:0004775
b0729,GO:0004776
b0729,GO:0005515
b0729,GO:0016874
b0730,GO:0006355
b0730,GO:0009408
b0730,GO:0045892
b0730,GO:0003677
b0730,GO:0003700
b0731,GO:0009401
b0731,GO:0015755
b0731,GO:0016310
b0731,GO:0051476
b0731,GO:1902600
b0731,GO:0005886
b0731,GO:0016020
b0731,GO:0005351
b0731,GO:0005515
b0731,GO:0016301
b0731,GO:0022877
b0731,GO:0090563
b0731,GO:0090581
b0732,GO:0006013
b0732,GO:0009313
b0732,GO:0004559
b0732,GO:0016798
b0732,GO:0030246
b0732,GO:0046872
b0733,GO:0006119
b0733,GO:0019646
b0733,GO:0005886
b0733,GO:0016020
b0733,GO:0070069
b0733,GO:0005515
b0733,GO:0009055
b0733,GO:0016679
b0733,GO:0016682
b0733,GO:0020037
b0733,GO:0046872
b0734,GO:0006119
b0734,GO:0019646
b0734,GO:0005886
b0734,GO:0016020
b0734,GO:0070069
b0734,GO:0005515
b0734,GO:0009055
b0734,GO:0016682
b0734,GO:0046872
b0736,GO:0006629
b0736,GO:0005886
b0736,GO:0005515
b0736,GO:0016787
b0736,GO:0016790
b0736,GO:0047617
b0737,GO:0017038
b0737,GO:0043213
b0737,GO:0051301
b0737,GO:0090529
b0737,GO:1905153
b0737,GO:0005886
b0737,GO:0016020
b0737,GO:0030313
b0737,GO:0032153
b0737,GO:0005515
b0738,GO:0015031
b0738,GO:0043213
b0738,GO:0051301
b0738,GO:0055085
b0738,GO:0090529
b0738,GO:1905153
b0738,GO:0005886
b0738,GO:0016020
b0738,GO:0032153
b0738,GO:0005515
b0738,GO:0022857
b0739,GO:0017038
b0739,GO:0043213
b0739,GO:0046718
b0739,GO:0051301
b0739,GO:0055085
b0739,GO:0071237
b0739,GO:0090529
b0739,GO:1905153
b0739,GO:0005886
b0739,GO:0016020
b0739,GO:0032153
b0739,GO:0005515
b0739,GO:0019534
b0739,GO:0019904
b0739,GO:0046790
b0739,GO:0097718
b0740,GO:0015031
b0740,GO:0017038
b0740,GO:0043213
b0740,GO:0051301
b0740,GO:0071237
b0740,GO:0090529
b0740,GO:1905153
b0740,GO:0016020
b0740,GO:0030288
b0740,GO:0032153
b0740,GO:0032991
b0740,GO:0042597
b0740,GO:0005515
b0740,GO:0019904
b0740,GO:0044877
b0741,GO:0051301
b0741,GO:0090529
b0741,GO:1905153
b0741,GO:0009279
b0741,GO:0016020
b0741,GO:0019867
b0741,GO:0032153
b0741,GO:0005515
b0742,GO:0043093
b0742,GO:0051301
b0742,GO:0070206
b0742,GO:0030288
b0742,GO:0032991
b0742,GO:0042597
b0742,GO:0005515
b0750,GO:0009435
b0750,GO:0019363
b0750,GO:0019805
b0750,GO:0034628
b0750,GO:0005737
b0750,GO:0005829
b0750,GO:0008987
b0750,GO:0016740
b0750,GO:0046872
b0750,GO:0051539
b0751,GO:0034258
b0751,GO:0005886
b0751,GO:0016020
b0751,GO:0034257
b0752,GO:0006829
b0752,GO:0055085
b0752,GO:0071577
b0752,GO:0005886
b0752,GO:0016020
b0752,GO:0005385
b0754,GO:0008652
b0754,GO:0009073
b0754,GO:0009423
b0754,GO:0005737
b0754,GO:0005829
b0754,GO:0003849
b0754,GO:0016740
b0754,GO:0042802
b0755,GO:0006094
b0755,GO:0006096
b0755,GO:0061621
b0755,GO:0005737
b0755,GO:0005829
b0755,GO:0004619
b0755,GO:0005524
b0755,GO:0016853
b0755,GO:0016868
b0755,GO:0042803
b0755,GO:0046538
b0755,GO:0097216
b0756,GO:0006006
b0756,GO:0006012
b0756,GO:0019318
b0756,GO:0033499
b0756,GO:0005737
b0756,GO:0004034
b0756,GO:0016853
b0756,GO:0030246
b0757,GO:0006012
b0757,GO:0016310
b0757,GO:0033499
b0757,GO:0046835
b0757,GO:0005737
b0757,GO:0005829
b0757,GO:0000287
b0757,GO:0004335
b0757,GO:0005524
b0757,GO:0016301
b0757,GO:0046872
b0758,GO:0006012
b0758,GO:0033499
b0758,GO:0046835
b0758,GO:0005737
b0758,GO:0005829
b0758,GO:0004335
b0758,GO:0008108
b0758,GO:0008198
b0758,GO:0008270
b0758,GO:0016779
b0758,GO:0046872
b0759,GO:0005975
b0759,GO:0006012
b0759,GO:0009242
b0759,GO:0033499
b0759,GO:0005737
b0759,GO:0005829
b0759,GO:0003978
b0759,GO:0005515
b0759,GO:0016853
b0759,GO:0016857
b0759,GO:0042802
b0759,GO:0070403
b0760,GO:0006281
b0760,GO:0055085
b0760,GO:0005886
b0760,GO:0043190
b0760,GO:0005524
b0760,GO:0016887
b0760,GO:0042626
b0761,GO:0006355
b0761,GO:0015689
b0761,GO:0045892
b0761,GO:0045893
b0761,GO:2000143
b0761,GO:0005737
b0761,GO:0005829
b0761,GO:0032991
b0761,GO:1990198
b0761,GO:0000987
b0761,GO:0003677
b0761,GO:0030151
b0761,GO:0046872
b0762,GO:0046677
b0762,GO:1990961
b0762,GO:0005886
b0762,GO:0009279
b0762,GO:0005515
b0762,GO:0042910
b0763,GO:0015689
b0763,GO:0046687
b0763,GO:0070614
b0763,GO:0098656
b0763,GO:0016020
b0763,GO:0030288
b0763,GO:0042597
b0763,GO:0055052
b0763,GO:0015412
b0763,GO:0030151
b0763,GO:0030973
b0763,GO:0046872
b0763,GO:1901359
b0764,GO:0015689
b0764,GO:0055085
b0764,GO:0070614
b0764,GO:0005886
b0764,GO:0016020
b0764,GO:0043190
b0764,GO:0055052
b0764,GO:0015098
b0765,GO:0015689
b0765,GO:0055085
b0765,GO:0070614
b0765,GO:0098656
b0765,GO:0005886
b0765,GO:0016020
b0765,GO:0032991
b0765,GO:0043190
b0765,GO:0055052
b0765,GO:0005524
b0765,GO:0015098
b0765,GO:0015412
b0765,GO:0016887
b0765,GO:0140359
b0766,GO:0032361
b0766,GO:0005829
b0766,GO:0000287
b0766,GO:0016773
b0766,GO:0016787
b0766,GO:0016791
b0766,GO:0033883
b0766,GO:0046872
b0766,GO:0050308
b0767,GO:0005975
b0767,GO:0006006
b0767,GO:0006098
b0767,GO:0009051
b0767,GO:0005829
b0767,GO:0016787
b0767,GO:0017057
b0768,GO:0006355
b0768,GO:0005829
b0768,GO:0003677
b0768,GO:0003700
b0769,GO:0016853
b0770,GO:0055085
b0770,GO:0005886
b0770,GO:0016020
b0770,GO:0022857
b0771,GO:0006099
b0771,GO:0006979
b0771,GO:0005829
b0771,GO:0003994
b0771,GO:0046872
b0771,GO:0051536
b0771,GO:0051539
b0772,GO:0042545
b0772,GO:0009279
b0772,GO:0016787
b0772,GO:0030599
b0772,GO:0052689
b0773,GO:0005737
b0774,GO:0009102
b0774,GO:0005737
b0774,GO:0003824
b0774,GO:0004015
b0774,GO:0008483
b0774,GO:0030170
b0774,GO:0042803
b0775,GO:0009102
b0775,GO:0042364
b0775,GO:0044272
b0775,GO:0004076
b0775,GO:0005506
b0775,GO:0005515
b0775,GO:0016740
b0775,GO:0042803
b0775,GO:0046872
b0775,GO:0051536
b0775,GO:0051537
b0775,GO:0051539
b0776,GO:0009102
b0776,GO:0003824
b0776,GO:0008710
b0776,GO:0016740
b0776,GO:0030170
b0776,GO:0042803
b0777,GO:0009102
b0777,GO:0032259
b0777,GO:0008168
b0777,GO:0008757
b0777,GO:0010340
b0777,GO:0102130
b0779,GO:0000715
b0779,GO:0006281
b0779,GO:0006289
b0779,GO:0006294
b0779,GO:0009314
b0779,GO:0009432
b0779,GO:0005737
b0779,GO:0009380
b0779,GO:0003677
b0779,GO:0004518
b0779,GO:0005515
b0779,GO:0005524
b0779,GO:0009381
b0779,GO:0016887
b0779,GO:0042802
b0780,GO:0008360
b0780,GO:0005737
b0780,GO:0005515
b0780,GO:0043743
b0781,GO:0006777
b0781,GO:0009408
b0781,GO:0003824
b0781,GO:0005525
b0781,GO:0016829
b0781,GO:0046872
b0781,GO:0051539
b0781,GO:0061798
b0781,GO:0061799
b0781,GO:1904047
b0782,GO:0006777
b0782,GO:0034214
b0782,GO:0005829
b0782,GO:0005525
b0782,GO:0042802
b0783,GO:0006777
b0783,GO:0032991
b0783,GO:0005515
b0783,GO:0016829
b0783,GO:0042802
b0783,GO:0061799
b0784,GO:0006777
b0784,GO:0005829
b0784,GO:1990133
b0784,GO:1990140
b0784,GO:0000166
b0784,GO:0005515
b0785,GO:0006777
b0785,GO:0032324
b0785,GO:0005829
b0785,GO:1990140
b0785,GO:0005515
b0785,GO:0016740
b0785,GO:0030366
b0785,GO:0042803
b0786,GO:0030162
b0786,GO:0005886
b0786,GO:0005262
b0787,GO:0005886
b0788,GO:0005886
b0789,GO:0008654
b0789,GO:0032049
b0789,GO:0005886
b0789,GO:0016020
b0789,GO:0004630
b0789,GO:0008808
b0789,GO:0016740
b0789,GO:0016780
b0789,GO:0030572
b0790,GO:0005886
b0790,GO:0003824
b0791,GO:0005886
b0792,GO:0006855
b0792,GO:0006974
b0792,GO:0015904
b0792,GO:0035725
b0792,GO:0055085
b0792,GO:0090452
b0792,GO:1990961
b0792,GO:0005886
b0792,GO:0016020
b0792,GO:0043190
b0792,GO:0055052
b0792,GO:0015562
b0792,GO:0140359
b0793,GO:0006855
b0793,GO:0015904
b0793,GO:0035725
b0793,GO:0090452
b0793,GO:1990961
b0793,GO:0005886
b0793,GO:0016020
b0793,GO:0055052
b0793,GO:0015562
b0793,GO:0140359
b0794,GO:0006855
b0794,GO:0015904
b0794,GO:0035725
b0794,GO:0090452
b0794,GO:1990961
b0794,GO:0005886
b0794,GO:0055052
b0794,GO:0005515
b0794,GO:0005524
b0794,GO:0015562
b0794,GO:0016887
b0795,GO:0046677
b0795,GO:0005886
b0795,GO:0042597
b0796,GO:0006351
b0796,GO:0006355
b0796,GO:2000143
b0796,GO:2000144
b0796,GO:0005737
b0796,GO:0000976
b0796,GO:0003677
b0796,GO:0003700
b0796,GO:0042802
b0797,GO:0009408
b0797,GO:0042254
b0797,GO:0042255
b0797,GO:0005737
b0797,GO:0005829
b0797,GO:0003676
b0797,GO:0003723
b0797,GO:0003724
b0797,GO:0004386
b0797,GO:0005515
b0797,GO:0005524
b0797,GO:0016787
b0797,GO:0016887
b0798,GO:0009231
b0798,GO:0034656
b0798,GO:0071978
b0798,GO:1901135
b0798,GO:0016798
b0798,GO:0016799
b0799,GO:0006139
b0799,GO:0006281
b0799,GO:0009432
b0799,GO:0032508
b0799,GO:0044806
b0799,GO:0003677
b0799,GO:0003678
b0799,GO:0004386
b0799,GO:0005515
b0799,GO:0005524
b0799,GO:0016787
b0799,GO:0016818
b0799,GO:0016853
b0799,GO:0016887
b0799,GO:0033677
b0799,GO:0043139
b0799,GO:0046872
b0799,GO:0051539
b0800,GO:0000162
b0800,GO:0005829
b0800,GO:0003677
b0800,GO:0003723
b0800,GO:0004048
b0800,GO:0016757
b0800,GO:0042803
b0801,GO:0005829
b0801,GO:0016491
b0801,GO:0047029
b0801,GO:0047995
b0802,GO:0006974
b0802,GO:0042597
b0803,GO:1900378
b0803,GO:0008270
b0803,GO:0046872
b0804,GO:0006879
b0804,GO:0006974
b0804,GO:0005506
b0804,GO:0016706
b0804,GO:0031418
b0804,GO:0046872
b0804,GO:0051213
b0805,GO:0006826
b0805,GO:0006879
b0805,GO:0015891
b0805,GO:0033214
b0805,GO:0042884
b0805,GO:0044718
b0805,GO:0009279
b0805,GO:0016020
b0805,GO:1902495
b0805,GO:0015343
b0805,GO:0015344
b0805,GO:0038023
b0806,GO:0009242
b0806,GO:0042597
b0807,GO:0006364
b0807,GO:0032259
b0807,GO:0070475
b0807,GO:0005737
b0807,GO:0008168
b0807,GO:0008988
b0807,GO:0052907
b0808,GO:0034220
b0808,GO:0055085
b0808,GO:0071470
b0808,GO:0005886
b0808,GO:0016020
b0808,GO:0008381
b0809,GO:0003333
b0809,GO:0006865
b0809,GO:0006868
b0809,GO:1903803
b0809,GO:0005886
b0809,GO:0016020
b0809,GO:0055052
b0809,GO:0005524
b0809,GO:0015186
b0809,GO:0015424
b0809,GO:0016887
b0810,GO:0006865
b0810,GO:0006868
b0810,GO:0055085
b0810,GO:0071705
b0810,GO:1903803
b0810,GO:0005886
b0810,GO:0016020
b0810,GO:0043190
b0810,GO:0055052
b0810,GO:0015186
b0810,GO:0022857
b0811,GO:0006865
b0811,GO:0006868
b0811,GO:0034220
b0811,GO:1903803
b0811,GO:0016020
b0811,GO:0030288
b0811,GO:0042597
b0811,GO:0055052
b0811,GO:0015276
b0811,GO:0070406
b0812,GO:0006879
b0812,GO:0006950
b0812,GO:0030261
b0812,GO:0032297
b0812,GO:0042594
b0812,GO:0005737
b0812,GO:0009295
b0812,GO:0016020
b0812,GO:1990084
b0812,GO:0003677
b0812,GO:0005515
b0812,GO:0008199
b0812,GO:0016491
b0812,GO:0016722
b0812,GO:0042802
b0812,GO:0046872
b0813,GO:0006865
b0813,GO:0015826
b0813,GO:0042968
b0813,GO:0055085
b0813,GO:0005886
b0813,GO:0016020
b0813,GO:0015291
b0813,GO:0015565
b0813,GO:0042970
b0814,GO:0009279
b0814,GO:0044384
b0814,GO:0005515
b0815,GO:0009244
b0815,GO:1900727
b0815,GO:0005886
b0815,GO:0016740
b0815,GO:0016772
b0815,GO:0016776
b0817,GO:0006355
b0817,GO:0045892
b0817,GO:2000144
b0817,GO:0005737
b0817,GO:0003677
b0817,GO:0003700
b0817,GO:0005515
b0817,GO:0046914
b0817,GO:0046983
b0818,GO:0055085
b0818,GO:0005886
b0818,GO:0016020
b0820,GO:0005515
b0820,GO:0005524
b0820,GO:0016887
b0822,GO:0005829
b0822,GO:0000287
b0822,GO:0016787
b0822,GO:0016791
b0822,GO:0046872
b0822,GO:0050286
b0822,GO:0050308
b0822,GO:0103026
b0823,GO:0005829
b0823,GO:0003824
b0823,GO:0016829
b0824,GO:0005737
b0824,GO:0016491
b0824,GO:0043365
b0824,GO:0046872
b0824,GO:0051539
b0825,GO:0005975
b0825,GO:0006000
b0825,GO:0042182
b0825,GO:0005737
b0825,GO:0016829
b0825,GO:0016832
b0825,GO:0042802
b0825,GO:0097023
b0826,GO:0006777
b0826,GO:0005737
b0826,GO:0005829
b0826,GO:1990133
b0826,GO:0004792
b0826,GO:0005515
b0826,GO:0005524
b0826,GO:0008146
b0826,GO:0008641
b0826,GO:0016779
b0826,GO:0042803
b0826,GO:0046872
b0826,GO:0061605
b0827,GO:0006777
b0827,GO:0005737
b0827,GO:0005829
b0827,GO:0005515
b0827,GO:0016740
b0827,GO:0042802
b0827,GO:0042803
b0827,GO:0046872
b0827,GO:0061599
b0828,GO:0006508
b0828,GO:0016540
b0828,GO:0005737
b0828,GO:0004067
b0828,GO:0008233
b0828,GO:0008798
b0828,GO:0016787
b0829,GO:0015833
b0829,GO:0034775
b0829,GO:0005886
b0829,GO:0016020
b0829,GO:0055052
b0829,GO:0005524
b0829,GO:0016787
b0829,GO:0016887
b0829,GO:0034634
b0829,GO:0042626
b0830,GO:0006974
b0830,GO:0015833
b0830,GO:0034635
b0830,GO:0042938
b0830,GO:0055085
b0830,GO:0016020
b0830,GO:0030288
b0830,GO:0042597
b0830,GO:0043190
b0830,GO:0055052
b0830,GO:1904680
b0831,GO:0034775
b0831,GO:0055085
b0831,GO:0005886
b0831,GO:0016020
b0831,GO:0043190
b0831,GO:0055052
b0831,GO:0034634
b0832,GO:0034775
b0832,GO:0035442
b0832,GO:0055085
b0832,GO:0005886
b0832,GO:0016020
b0832,GO:0043190
b0832,GO:0055052
b0832,GO:0034634
b0832,GO:0071916
b0833,GO:0005886
b0833,GO:0016787
b0833,GO:0071111
b0834,GO:0043709
b0834,GO:1902201
b0834,GO:0005886
b0834,GO:0005525
b0834,GO:0016740
b0834,GO:0046872
b0834,GO:0052621
b0835,GO:0006400
b0835,GO:0005737
b0835,GO:0005829
b0835,GO:0016740
b0835,GO:0035596
b0835,GO:0035599
b0835,GO:0046872
b0835,GO:0051539
b0835,GO:0103039
b0836,GO:0010468
b0836,GO:1900190
b0837,GO:0009279
b0837,GO:0030288
b0837,GO:0005509
b0837,GO:0016491
b0837,GO:0016901
b0837,GO:0046872
b0837,GO:0070968
b0838,GO:0005737
b0838,GO:0005829
b0838,GO:0004364
b0838,GO:0005515
b0838,GO:0016740
b0838,GO:0030611
b0838,GO:0042802
b0838,GO:0043295
b0839,GO:0006508
b0839,GO:0008360
b0839,GO:0009252
b0839,GO:0009410
b0839,GO:0071555
b0839,GO:0005886
b0839,GO:0030288
b0839,GO:0004180
b0839,GO:0008233
b0839,GO:0008658
b0839,GO:0009002
b0839,GO:0042803
b0840,GO:0006355
b0840,GO:2000143
b0840,GO:0000987
b0840,GO:0003677
b0840,GO:0003700
b0841,GO:0008360
b0841,GO:0009252
b0841,GO:0046677
b0841,GO:0071555
b0841,GO:0005886
b0841,GO:0016787
b0841,GO:0050380
b0842,GO:0030641
b0842,GO:0035725
b0842,GO:0046677
b0842,GO:0055085
b0842,GO:0071805
b0842,GO:1902600
b0842,GO:1990961
b0842,GO:0005886
b0842,GO:0016020
b0842,GO:0015385
b0842,GO:0015386
b0842,GO:0022857
b0844,GO:0009231
b0844,GO:0005829
b0844,GO:0000287
b0844,GO:0016787
b0844,GO:0016791
b0844,GO:0043726
b0844,GO:0046872
b0845,GO:0055085
b0845,GO:0005886
b0845,GO:0016020
b0845,GO:0022857
b0846,GO:0006351
b0846,GO:0009889
b0846,GO:0045893
b0846,GO:0080090
b0846,GO:0003677
b0846,GO:0003700
b0847,GO:0006813
b0847,GO:0055085
b0847,GO:0098655
b0847,GO:0005886
b0847,GO:0008324
b0847,GO:0022857
b0848,GO:0005886
b0848,GO:0016020
b0849,GO:0009263
b0849,GO:0010134
b0849,GO:0019345
b0849,GO:0034599
b0849,GO:0045454
b0849,GO:0005737
b0849,GO:0000166
b0849,GO:0009055
b0849,GO:0015035
b0849,GO:0015036
b0849,GO:0015038
b0849,GO:0019153
b0850,GO:1901422
b0850,GO:1901562
b0850,GO:0016020
b0851,GO:0005829
b0851,GO:0003955
b0851,GO:0005515
b0851,GO:0010181
b0851,GO:0016491
b0851,GO:0034567
b0851,GO:0042803
b0852,GO:0006412
b0852,GO:0009432
b0852,GO:0018410
b0852,GO:0036211
b0852,GO:0005737
b0852,GO:0003824
b0852,GO:0005524
b0852,GO:0016874
b0852,GO:0018169
b0852,GO:0042802
b0852,GO:0046872
b0853,GO:0009297
b0853,GO:0010212
b0853,GO:0030308
b0853,GO:1900232
b0853,GO:1902201
b0853,GO:1902209
b0853,GO:0005515
b0854,GO:0015846
b0854,GO:0015847
b0854,GO:0016020
b0854,GO:0030288
b0854,GO:0042597
b0854,GO:0055052
b0854,GO:0019808
b0854,GO:0019810
b0855,GO:0015846
b0855,GO:0015847
b0855,GO:0055085
b0855,GO:1902047
b0855,GO:0005886
b0855,GO:0016020
b0855,GO:0032991
b0855,GO:0043190
b0855,GO:0055052
b0855,GO:0005524
b0855,GO:0015417
b0855,GO:0015594
b0855,GO:0016887
b0856,GO:0015847
b0856,GO:0055085
b0856,GO:0005886
b0856,GO:0016020
b0856,GO:0043190
b0856,GO:0055052
b0857,GO:0015847
b0857,GO:0055085
b0857,GO:0005886
b0857,GO:0016020
b0857,GO:0043190
b0857,GO:0055052
b0858,GO:0005886
b0859,GO:0006364
b0859,GO:0006396
b0859,GO:0009451
b0859,GO:0016070
b0859,GO:0031167
b0859,GO:0032259
b0859,GO:0070475
b0859,GO:0005506
b0859,GO:0008168
b0859,GO:0008173
b0859,GO:0008757
b0859,GO:0016436
b0859,GO:0046872
b0859,GO:0051539
b0859,GO:0070041
b0860,GO:0006865
b0860,GO:0034220
b0860,GO:0071705
b0860,GO:0097638
b0860,GO:1903826
b0860,GO:0016020
b0860,GO:0030288
b0860,GO:0042597
b0860,GO:0055052
b0860,GO:0015276
b0860,GO:0016597
b0860,GO:0034618
b0861,GO:0006865
b0861,GO:0055085
b0861,GO:0071705
b0861,GO:0097638
b0861,GO:0005886
b0861,GO:0016020
b0861,GO:0043190
b0861,GO:0055052
b0861,GO:0022857
b0862,GO:0006865
b0862,GO:0055085
b0862,GO:0071705
b0862,GO:0097638
b0862,GO:0005886
b0862,GO:0016020
b0862,GO:0043190
b0862,GO:0055052
b0862,GO:0022857
b0863,GO:0006865
b0863,GO:0034220
b0863,GO:0071705
b0863,GO:0097638
b0863,GO:0016020
b0863,GO:0030288
b0863,GO:0042597
b0863,GO:0055052
b0863,GO:0015276
b0864,GO:0003333
b0864,GO:0006865
b0864,GO:0097638
b0864,GO:0005886
b0864,GO:0016020
b0864,GO:0055052
b0864,GO:0005524
b0864,GO:0015424
b0864,GO:0015426
b0864,GO:0016887
b0865,GO:0005886
b0866,GO:0005886
b0866,GO:0005515
b0867,GO:0009253
b0867,GO:0009254
b0867,GO:0071555
b0867,GO:0009279
b0867,GO:0019867
b0867,GO:0008270
b0867,GO:0008745
b0867,GO:0009392
b0867,GO:0016787
b0867,GO:0046872
b0869,GO:0005886
b0870,GO:0006520
b0870,GO:0006545
b0870,GO:0006567
b0870,GO:0005829
b0870,GO:0003824
b0870,GO:0008732
b0870,GO:0016829
b0870,GO:0030170
b0870,GO:0042802
b0870,GO:0050179
b0871,GO:0006090
b0871,GO:0019752
b0871,GO:0042867
b0871,GO:0005829
b0871,GO:0005886
b0871,GO:0032991
b0871,GO:0000166
b0871,GO:0000287
b0871,GO:0008289
b0871,GO:0016491
b0871,GO:0030976
b0871,GO:0042802
b0871,GO:0046872
b0871,GO:0048039
b0871,GO:0050660
b0871,GO:0052737
b0872,GO:0016491
b0872,GO:0016651
b0872,GO:0046872
b0872,GO:0050660
b0872,GO:0051536
b0872,GO:0051537
b0873,GO:0042542
b0873,GO:0046210
b0873,GO:0098869
b0873,GO:0005737
b0873,GO:0003824
b0873,GO:0004601
b0873,GO:0005515
b0873,GO:0016491
b0873,GO:0016661
b0873,GO:0046872
b0873,GO:0050418
b0873,GO:0051536
b0873,GO:0051537
b0874,GO:0006865
b0874,GO:1903401
b0874,GO:0005886
b0874,GO:0015661
b0875,GO:0006833
b0875,GO:0006970
b0875,GO:0009992
b0875,GO:0055085
b0875,GO:0005886
b0875,GO:0016020
b0875,GO:0005515
b0875,GO:0015250
b0875,GO:0042802
b0876,GO:0000731
b0876,GO:0006302
b0876,GO:0005524
b0877,GO:0006974
b0878,GO:0009636
b0878,GO:0042893
b0878,GO:0046677
b0878,GO:0055085
b0878,GO:1990961
b0878,GO:0005886
b0878,GO:0016020
b0878,GO:0019898
b0878,GO:1990195
b0878,GO:1990196
b0878,GO:1990281
b0878,GO:0005515
b0878,GO:0015562
b0878,GO:0022857
b0878,GO:0042802
b0878,GO:0042897
b0879,GO:0042893
b0879,GO:0046677
b0879,GO:1990961
b0879,GO:0005886
b0879,GO:0016020
b0879,GO:1990196
b0879,GO:0005515
b0879,GO:0005524
b0879,GO:0008559
b0879,GO:0016887
b0879,GO:0022857
b0879,GO:0042802
b0879,GO:0042803
b0879,GO:0042897
b0880,GO:0006355
b0880,GO:0008156
b0880,GO:0010468
b0880,GO:0035821
b0880,GO:0042594
b0880,GO:0005737
b0880,GO:0005829
b0880,GO:0003676
b0880,GO:0003677
b0880,GO:0003697
b0880,GO:0003723
b0880,GO:0005515
b0880,GO:0042803
b0880,GO:0090729
b0881,GO:0006508
b0881,GO:0009408
b0881,GO:0030163
b0881,GO:0005515
b0881,GO:0051087
b0881,GO:0140678
b0882,GO:0006508
b0882,GO:0006515
b0882,GO:0006979
b0882,GO:0034605
b0882,GO:0043335
b0882,GO:0005737
b0882,GO:0005829
b0882,GO:0009368
b0882,GO:0004176
b0882,GO:0005515
b0882,GO:0005524
b0882,GO:0016887
b0884,GO:0006412
b0884,GO:0006413
b0884,GO:0005737
b0884,GO:0005829
b0884,GO:0003723
b0884,GO:0003743
b0884,GO:0005515
b0884,GO:0019843
b0884,GO:0043022
b0885,GO:0030163
b0885,GO:0005737
b0885,GO:0008914
b0885,GO:0016746
b0885,GO:0016755
b0886,GO:0006865
b0886,GO:0033228
b0886,GO:0034775
b0886,GO:0035351
b0886,GO:0045454
b0886,GO:1903605
b0886,GO:0005886
b0886,GO:0016020
b0886,GO:0043190
b0886,GO:0055051
b0886,GO:0005524
b0886,GO:0015439
b0886,GO:0016887
b0886,GO:0042626
b0886,GO:0140359
b0887,GO:0006865
b0887,GO:0006869
b0887,GO:0033228
b0887,GO:0034775
b0887,GO:0035351
b0887,GO:0042883
b0887,GO:0045454
b0887,GO:0055085
b0887,GO:1903605
b0887,GO:0005886
b0887,GO:0016020
b0887,GO:0043190
b0887,GO:0055051
b0887,GO:0005524
b0887,GO:0015439
b0887,GO:0016887
b0887,GO:0034040
b0887,GO:0140359
b0888,GO:0019430
b0888,GO:0045454
b0888,GO:0005737
b0888,GO:0005829
b0888,GO:1902515
b0888,GO:0004791
b0888,GO:0005515
b0888,GO:0016491
b0888,GO:0050660
b0889,GO:0006355
b0889,GO:0006524
b0889,GO:0043201
b0889,GO:0045892
b0889,GO:0045893
b0889,GO:0005829
b0889,GO:0032993
b0889,GO:0000976
b0889,GO:0001216
b0889,GO:0001217
b0889,GO:0003677
b0889,GO:0005515
b0889,GO:0042802
b0889,GO:0043565
b0890,GO:0000917
b0890,GO:0000920
b0890,GO:0006970
b0890,GO:0007059
b0890,GO:0009651
b0890,GO:0032508
b0890,GO:0043093
b0890,GO:0045893
b0890,GO:0051301
b0890,GO:0071236
b0890,GO:0005886
b0890,GO:0016020
b0890,GO:0032153
b0890,GO:1990586
b0890,GO:0003677
b0890,GO:0005515
b0890,GO:0005524
b0890,GO:0015616
b0890,GO:0016887
b0890,GO:0036121
b0890,GO:0042802
b0890,GO:0043565
b0891,GO:0015031
b0891,GO:0042953
b0891,GO:0044874
b0891,GO:0030288
b0891,GO:0042597
b0891,GO:0005515
b0892,GO:0000731
b0892,GO:0006260
b0892,GO:0006261
b0892,GO:0006310
b0892,GO:0032508
b0892,GO:0051289
b0892,GO:0030894
b0892,GO:0003677
b0892,GO:0005515
b0892,GO:0005524
b0892,GO:0008047
b0892,GO:0008094
b0892,GO:0016887
b0892,GO:0017116
b0892,GO:0042802
b0893,GO:0006412
b0893,GO:0006434
b0893,GO:0016260
b0893,GO:0005737
b0893,GO:0005829
b0893,GO:0000287
b0893,GO:0004812
b0893,GO:0004828
b0893,GO:0005524
b0893,GO:0042802
b0894,GO:0009061
b0894,GO:0018907
b0894,GO:0019645
b0894,GO:0005886
b0894,GO:0009390
b0894,GO:0030288
b0894,GO:0005515
b0894,GO:0009055
b0894,GO:0009389
b0894,GO:0016491
b0894,GO:0030151
b0894,GO:0043546
b0894,GO:0046872
b0894,GO:0051539
b0895,GO:0009061
b0895,GO:0018907
b0895,GO:0019645
b0895,GO:0005886
b0895,GO:0009390
b0895,GO:0005515
b0895,GO:0009389
b0895,GO:0046872
b0895,GO:0051539
b0896,GO:0009061
b0896,GO:0018907
b0896,GO:0019645
b0896,GO:0005886
b0896,GO:0009390
b0896,GO:0016020
b0896,GO:0009389
b0896,GO:0016491
b0897,GO:0005829
b0897,GO:0016020
b0897,GO:0016787
b0897,GO:0016829
b0897,GO:0042802
b0898,GO:0055085
b0898,GO:0005886
b0898,GO:0022857
b0899,GO:0055085
b0899,GO:0005886
b0899,GO:0016020
b0899,GO:0022857
b0900,GO:0006351
b0900,GO:0006355
b0900,GO:0003677
b0900,GO:0003700
b0900,GO:0043565
b0901,GO:0005829
b0901,GO:0003955
b0901,GO:0010181
b0901,GO:0016491
b0902,GO:0006006
b0902,GO:0006974
b0902,GO:0051604
b0902,GO:0005737
b0902,GO:0005829
b0902,GO:0005515
b0902,GO:0016491
b0902,GO:0030955
b0902,GO:0043365
b0902,GO:0046872
b0902,GO:0051539
b0903,GO:0005975
b0903,GO:0006006
b0903,GO:0044814
b0903,GO:0005737
b0903,GO:0005829
b0903,GO:0016020
b0903,GO:0005515
b0903,GO:0008861
b0903,GO:0016746
b0904,GO:0010447
b0904,GO:0015724
b0904,GO:0019664
b0904,GO:0055085
b0904,GO:0005886
b0904,GO:0016020
b0904,GO:0005515
b0904,GO:0015499
b0904,GO:0042802
b0905,GO:0005829
b0905,GO:0000287
b0905,GO:0047693
b0906,GO:0005886
b0907,GO:0006563
b0907,GO:0006564
b0907,GO:0008615
b0907,GO:0033359
b0907,GO:0042823
b0907,GO:0005737
b0907,GO:0005829
b0907,GO:0004648
b0907,GO:0005515
b0907,GO:0008483
b0907,GO:0030170
b0907,GO:0042803
b0908,GO:0008652
b0908,GO:0009073
b0908,GO:0009423
b0908,GO:0005737
b0908,GO:0005829
b0908,GO:0003866
b0908,GO:0016740
b0909,GO:0006508
b0909,GO:0051603
b0909,GO:0005886
b0909,GO:0016020
b0909,GO:0004222
b0909,GO:0005515
b0909,GO:0008237
b0909,GO:0046872
b0910,GO:0006139
b0910,GO:0006220
b0910,GO:0009058
b0910,GO:0010165
b0910,GO:0015949
b0910,GO:0016310
b0910,GO:0044281
b0910,GO:0046940
b0910,GO:0005737
b0910,GO:0005829
b0910,GO:0004127
b0910,GO:0005524
b0910,GO:0016301
b0910,GO:0036430
b0910,GO:0036431
b0910,GO:0097216
b0911,GO:0000028
b0911,GO:0002181
b0911,GO:0006412
b0911,GO:0010501
b0911,GO:2000766
b0911,GO:2000767
b0911,GO:0005737
b0911,GO:0005840
b0911,GO:0016020
b0911,GO:0022627
b0911,GO:1990904
b0911,GO:0003723
b0911,GO:0003727
b0911,GO:0003729
b0911,GO:0003735
b0912,GO:0006310
b0912,GO:0006351
b0912,GO:0006355
b0912,GO:0006417
b0912,GO:0005694
b0912,GO:0005737
b0912,GO:0005829
b0912,GO:1990177
b0912,GO:0003677
b0912,GO:0030527
b0912,GO:0043565
b0913,GO:0030420
b0913,GO:0005886
b0913,GO:0016020
b0914,GO:0006869
b0914,GO:0015920
b0914,GO:0034204
b0914,GO:0042908
b0914,GO:0055085
b0914,GO:0005886
b0914,GO:0016020
b0914,GO:0043190
b0914,GO:1990199
b0914,GO:0005524
b0914,GO:0008289
b0914,GO:0008559
b0914,GO:0015437
b0914,GO:0016887
b0914,GO:0034040
b0914,GO:0042802
b0914,GO:0140359
b0915,GO:0009244
b0915,GO:0009245
b0915,GO:0016310
b0915,GO:0005886
b0915,GO:0016020
b0915,GO:0005524
b0915,GO:0009029
b0915,GO:0016301
b0916,GO:0036297
b0916,GO:0019104
b0917,GO:0005829
b0918,GO:0009103
b0918,GO:0019294
b0918,GO:0033468
b0918,GO:0005737
b0918,GO:0005829
b0918,GO:0000287
b0918,GO:0005515
b0918,GO:0008690
b0918,GO:0016779
b0920,GO:0000270
b0920,GO:0006457
b0920,GO:0043164
b0920,GO:0071555
b0920,GO:0005886
b0921,GO:0002098
b0921,GO:0006400
b0921,GO:0008033
b0921,GO:0030488
b0921,GO:0032259
b0921,GO:0008168
b0921,GO:0097697
b0922,GO:0006260
b0922,GO:0007059
b0922,GO:0030261
b0922,GO:0051301
b0922,GO:0000796
b0922,GO:0005737
b0922,GO:0009295
b0922,GO:0005509
b0922,GO:0005515
b0923,GO:0006260
b0923,GO:0007059
b0923,GO:0030261
b0923,GO:0051301
b0923,GO:0000796
b0923,GO:0005737
b0923,GO:0009295
b0923,GO:0005515
b0924,GO:0006260
b0924,GO:0007059
b0924,GO:0007062
b0924,GO:0030261
b0924,GO:0051301
b0924,GO:0000796
b0924,GO:0005737
b0924,GO:0005829
b0924,GO:0009295
b0924,GO:0003677
b0924,GO:0005515
b0924,GO:0005524
b0924,GO:0005525
b0924,GO:0016887
b0924,GO:0042802
b0927,GO:0009636
b0927,GO:0019243
b0927,GO:0005829
b0927,GO:0004416
b0927,GO:0016787
b0927,GO:0046872
b0928,GO:0006520
b0928,GO:0009058
b0928,GO:0009094
b0928,GO:0033585
b0928,GO:0005737
b0928,GO:0005829
b0928,GO:0003824
b0928,GO:0004069
b0928,GO:0004838
b0928,GO:0008483
b0928,GO:0030170
b0928,GO:0042802
b0928,GO:0042803
b0929,GO:0006811
b0929,GO:0015031
b0929,GO:0034220
b0929,GO:0043213
b0929,GO:0070207
b0929,GO:0009279
b0929,GO:0016020
b0929,GO:0034702
b0929,GO:0046930
b0929,GO:0001530
b0929,GO:0005216
b0929,GO:0005515
b0929,GO:0008289
b0929,GO:0015288
b0929,GO:0042802
b0929,GO:0042912
b0929,GO:0097718
b0930,GO:0006412
b0930,GO:0006418
b0930,GO:0006421
b0930,GO:0005737
b0930,GO:0003676
b0930,GO:0004812
b0930,GO:0004816
b0930,GO:0005524
b0930,GO:0042803
b0931,GO:0009408
b0931,GO:0009435
b0931,GO:0019363
b0931,GO:0034355
b0931,GO:0005829
b0931,GO:0004516
b0931,GO:0016874
b0931,GO:0016879
b0932,GO:0006508
b0932,GO:0005886
b0932,GO:0004177
b0932,GO:0005515
b0932,GO:0008237
b0932,GO:0008270
b0932,GO:0042802
b0932,GO:0046872
b0933,GO:0006790
b0933,GO:0010438
b0933,GO:0042918
b0933,GO:0005886
b0933,GO:0016020
b0933,GO:0055052
b0933,GO:0005524
b0933,GO:0016887
b0933,GO:0042959
b0934,GO:0006790
b0934,GO:0010438
b0934,GO:0042918
b0934,GO:0055085
b0934,GO:0005886
b0934,GO:0016020
b0934,GO:0055052
b0934,GO:0042959
b0935,GO:0009408
b0935,GO:0010438
b0935,GO:0046306
b0935,GO:0051289
b0935,GO:1990201
b0935,GO:0004497
b0935,GO:0005515
b0935,GO:0008726
b0935,GO:0042802
b0936,GO:0006790
b0936,GO:0010438
b0936,GO:0042918
b0936,GO:0016020
b0936,GO:0030288
b0936,GO:0042597
b0936,GO:0055052
b0936,GO:0042626
b0936,GO:0042959
b0937,GO:0006974
b0937,GO:0009970
b0937,GO:0046306
b0937,GO:1990202
b0937,GO:0005515
b0937,GO:0008752
b0937,GO:0016491
b0937,GO:0042803
b0937,GO:0052873
b0938,GO:0007155
b0938,GO:0043709
b0938,GO:0009289
b0939,GO:0061077
b0939,GO:0071555
b0939,GO:0030288
b0939,GO:0042597
b0940,GO:0009297
b0940,GO:0055085
b0940,GO:0009279
b0940,GO:0016020
b0940,GO:0008201
b0940,GO:0015473
b0941,GO:0007155
b0941,GO:0009314
b0941,GO:0043709
b0941,GO:0009289
b0942,GO:0007155
b0942,GO:0043709
b0942,GO:0009289
b0943,GO:0007155
b0943,GO:0043709
b0943,GO:0009289
b0944,GO:0061077
b0944,GO:0071555
b0944,GO:0030288
b0944,GO:0042597
b0945,GO:0006207
b0945,GO:0006221
b0945,GO:0006222
b0945,GO:0009220
b0945,GO:0044205
b0945,GO:0005737
b0945,GO:0005829
b0945,GO:0005886
b0945,GO:0016020
b0945,GO:0004152
b0945,GO:0010181
b0945,GO:0016491
b0945,GO:0106430
b0946,GO:0000917
b0946,GO:0043093
b0946,GO:0051301
b0946,GO:0051302
b0946,GO:0090529
b0946,GO:0005737
b0946,GO:0032153
b0946,GO:0005515
b0946,GO:0042802
b0947,GO:0009407
b0947,GO:0009636
b0947,GO:0003824
b0947,GO:0005515
b0947,GO:0030151
b0947,GO:0030170
b0947,GO:0051537
b0948,GO:0006364
b0948,GO:0006396
b0948,GO:0031167
b0948,GO:0032259
b0948,GO:0070475
b0948,GO:0070476
b0948,GO:0005737
b0948,GO:0003723
b0948,GO:0005515
b0948,GO:0008168
b0948,GO:0008990
b0948,GO:0052915
b0948,GO:0070043
b0949,GO:0006281
b0949,GO:0006301
b0949,GO:0009314
b0949,GO:0005737
b0949,GO:0005886
b0949,GO:0003677
b0949,GO:0005515
b0949,GO:0005524
b0949,GO:0016787
b0949,GO:0016887
b0949,GO:0043022
b0950,GO:0006950
b0950,GO:0061024
b0950,GO:0005886
b0950,GO:0016020
b0951,GO:0061024
b0951,GO:0120009
b0951,GO:0005886
b0951,GO:0016020
b0951,GO:0030288
b0951,GO:0005515
b0951,GO:0042802
b0952,GO:0061024
b0952,GO:0009279
b0952,GO:0030288
b0952,GO:0005515
b0952,GO:0042802
b0953,GO:0006417
b0953,GO:0022611
b0953,GO:0032055
b0953,GO:0033554
b0953,GO:0005737
b0953,GO:0019843
b0953,GO:0043022
b0953,GO:0043024
b0954,GO:0006633
b0954,GO:0006636
b0954,GO:0005737
b0954,GO:0005829
b0954,GO:0016829
b0954,GO:0016853
b0954,GO:0019171
b0954,GO:0034017
b0954,GO:0042803
b0955,GO:0006508
b0955,GO:0030163
b0955,GO:0004176
b0955,GO:0004252
b0955,GO:0005524
b0955,GO:0008236
b0956,GO:0006355
b0956,GO:0007059
b0956,GO:0051276
b0956,GO:0051289
b0956,GO:0051301
b0956,GO:0005737
b0956,GO:0097047
b0956,GO:0003677
b0956,GO:0005515
b0956,GO:0005543
b0956,GO:0042803
b0956,GO:0043565
b0957,GO:0006811
b0957,GO:0006974
b0957,GO:0009597
b0957,GO:0034220
b0957,GO:0046718
b0957,GO:0009279
b0957,GO:0016020
b0957,GO:0019867
b0957,GO:0030288
b0957,GO:0046930
b0957,GO:0106234
b0957,GO:0005515
b0957,GO:0015075
b0957,GO:0015288
b0957,GO:0042802
b0957,GO:0042834
b0958,GO:0000917
b0958,GO:0006281
b0958,GO:0006974
b0958,GO:0009432
b0958,GO:0032272
b0958,GO:0032466
b0958,GO:0051301
b0958,GO:0051782
b0958,GO:2000245
b0958,GO:0005515
b0959,GO:0009290
b0959,GO:0030420
b0959,GO:1903658
b0959,GO:0005515
b0960,GO:0005886
b0961,GO:0005886
b0962,GO:0000725
b0962,GO:0032508
b0962,GO:0005829
b0962,GO:0003677
b0962,GO:0003678
b0962,GO:0004386
b0962,GO:0005515
b0962,GO:0005524
b0962,GO:0016787
b0962,GO:0016853
b0962,GO:0016887
b0962,GO:0043138
b0963,GO:0019242
b0963,GO:0034214
b0963,GO:0005737
b0963,GO:0005829
b0963,GO:0008929
b0963,GO:0016829
b0963,GO:0042802
b0964,GO:0030288
b0965,GO:0005829
b0965,GO:0005515
b0966,GO:0009408
b0966,GO:0070207
b0966,GO:0005737
b0966,GO:0003677
b0966,GO:0042802
b0966,GO:0044729
b0967,GO:0006364
b0967,GO:0031167
b0967,GO:0032259
b0967,GO:0044010
b0967,GO:0070475
b0967,GO:0005737
b0967,GO:0005829
b0967,GO:0003723
b0967,GO:0008168
b0967,GO:0008649
b0967,GO:0009383
b0967,GO:0016434
b0967,GO:0042803
b0968,GO:0009408
b0968,GO:0003998
b0968,GO:0016787
b0969,GO:0002143
b0969,GO:0008033
b0969,GO:0005737
b0969,GO:1990228
b0969,GO:0016740
b0969,GO:0097163
b0970,GO:0030162
b0970,GO:0043066
b0970,GO:0005886
b0970,GO:0016020
b0970,GO:0005262
b0972,GO:0006113
b0972,GO:0009061
b0972,GO:0009267
b0972,GO:0019645
b0972,GO:1902421
b0972,GO:0005886
b0972,GO:0009375
b0972,GO:0016020
b0972,GO:0044569
b0972,GO:0098567
b0972,GO:0005515
b0972,GO:0008901
b0972,GO:0009055
b0972,GO:0016491
b0972,GO:0033748
b0972,GO:0046872
b0972,GO:0051536
b0972,GO:0051538
b0972,GO:0051539
b0973,GO:0006113
b0973,GO:0009061
b0973,GO:0009267
b0973,GO:0019645
b0973,GO:1902421
b0973,GO:0005886
b0973,GO:0016020
b0973,GO:0030288
b0973,GO:0044569
b0973,GO:0098567
b0973,GO:0005515
b0973,GO:0008901
b0973,GO:0009055
b0973,GO:0016151
b0973,GO:0016491
b0973,GO:0033748
b0973,GO:0046872
b0974,GO:0006113
b0974,GO:0009061
b0974,GO:0009267
b0974,GO:0019645
b0974,GO:0022904
b0974,GO:1902421
b0974,GO:0005886
b0974,GO:0016020
b0974,GO:0044569
b0974,GO:0098567
b0974,GO:0005506
b0974,GO:0005515
b0974,GO:0009055
b0974,GO:0020037
b0974,GO:0033748
b0974,GO:0046872
b0975,GO:0006508
b0975,GO:0016485
b0975,GO:0004175
b0975,GO:0004190
b0975,GO:0005515
b0975,GO:0008047
b0975,GO:0008233
b0975,GO:0046872
b0976,GO:0005048
b0978,GO:0006119
b0978,GO:0019646
b0978,GO:0055085
b0978,GO:0005886
b0978,GO:0016020
b0978,GO:0070069
b0978,GO:0009055
b0978,GO:0009486
b0978,GO:0016682
b0978,GO:0020037
b0978,GO:0046872
b0979,GO:0006119
b0979,GO:0019646
b0979,GO:0055085
b0979,GO:0005886
b0979,GO:0016020
b0979,GO:0070069
b0979,GO:0009055
b0979,GO:0009486
b0979,GO:0016682
b0979,GO:0046872
b0980,GO:0016036
b0980,GO:0071454
b0980,GO:0030288
b0980,GO:0042597
b0980,GO:0003924
b0980,GO:0003993
b0980,GO:0008252
b0980,GO:0008707
b0980,GO:0016787
b0980,GO:0050308
b0980,GO:0052745
b0981,GO:0016310
b0981,GO:0045226
b0981,GO:0005886
b0981,GO:0016020
b0981,GO:0004713
b0981,GO:0005524
b0981,GO:0042802
b0982,GO:0006470
b0982,GO:0004721
b0982,GO:0004725
b0983,GO:0006811
b0983,GO:0015774
b0983,GO:0055085
b0983,GO:0009279
b0983,GO:0046930
b0983,GO:0015159
b0983,GO:0015288
b0984,GO:0005886
b0986,GO:0005886
b0987,GO:0005886
b0988,GO:0006310
b0988,GO:0006313
b0988,GO:0032196
b0988,GO:0003677
b0988,GO:0004803
b0989,GO:0010468
b0989,GO:0005737
b0989,GO:0005829
b0989,GO:0003676
b0989,GO:0003677
b0990,GO:0009409
b0990,GO:0010468
b0990,GO:0005737
b0990,GO:0005829
b0990,GO:0003676
b0990,GO:0003677
b0990,GO:0005515
b0991,GO:0005886
b0992,GO:0005886
b0992,GO:0046872
b0992,GO:0051539
b0993,GO:0000160
b0993,GO:0009061
b0993,GO:0016310
b0993,GO:0018106
b0993,GO:0005886
b0993,GO:0016020
b0993,GO:0000155
b0993,GO:0004673
b0993,GO:0004721
b0993,GO:0005515
b0993,GO:0005524
b0993,GO:0016301
b0993,GO:0042802
b0993,GO:0042803
b0994,GO:0006355
b0994,GO:0009061
b0994,GO:0042597
b0994,GO:0000976
b0994,GO:0003700
b0995,GO:0000160
b0995,GO:0006355
b0995,GO:0005737
b0995,GO:0005829
b0995,GO:0032993
b0995,GO:0000156
b0995,GO:0000976
b0995,GO:0003677
b0996,GO:0006885
b0996,GO:0009060
b0996,GO:0009061
b0996,GO:0009968
b0996,GO:0019645
b0996,GO:0005886
b0996,GO:0009276
b0996,GO:0016020
b0996,GO:0030288
b0996,GO:1904852
b0996,GO:0005506
b0996,GO:0005515
b0996,GO:0009055
b0996,GO:0020037
b0996,GO:0046872
b0997,GO:0006885
b0997,GO:0009060
b0997,GO:0009061
b0997,GO:0019645
b0997,GO:0030288
b0997,GO:0042597
b0997,GO:1904852
b0997,GO:0005515
b0997,GO:0009055
b0997,GO:0016491
b0997,GO:0030151
b0997,GO:0043546
b0997,GO:0046872
b0997,GO:0050626
b0998,GO:0006457
b0998,GO:0051259
b0998,GO:0051604
b0998,GO:0005737
b0998,GO:0005515
b0998,GO:0042277
b0998,GO:0042802
b0998,GO:0043546
b0999,GO:0004857
b0999,GO:0005515
b1000,GO:0006457
b1000,GO:0042026
b1000,GO:0051085
b1000,GO:0005737
b1000,GO:0009295
b1000,GO:0043590
b1000,GO:0003677
b1000,GO:0003681
b1000,GO:0005515
b1000,GO:0042802
b1000,GO:0051082
b1002,GO:0006007
b1002,GO:0030288
b1002,GO:0042597
b1002,GO:0008877
b1002,GO:0016158
b1002,GO:0016787
b1002,GO:0050308
b1003,GO:0005829
b1004,GO:0006979
b1004,GO:0005829
b1004,GO:0016020
b1004,GO:0032991
b1004,GO:0000166
b1004,GO:0003955
b1004,GO:0008753
b1004,GO:0010181
b1004,GO:0016491
b1004,GO:0042802
b1004,GO:0050136
b1004,GO:0050660
b1004,GO:0050661
b1004,GO:0051287
b1006,GO:0006212
b1006,GO:0006864
b1006,GO:0055085
b1006,GO:0098721
b1006,GO:1904082
b1006,GO:0005886
b1006,GO:0016020
b1006,GO:0005350
b1006,GO:0015205
b1006,GO:0015210
b1006,GO:0015218
b1006,GO:0015293
b1006,GO:0015505
b1007,GO:0006208
b1007,GO:0006212
b1007,GO:0019740
b1007,GO:0008752
b1007,GO:0010181
b1007,GO:0016491
b1007,GO:0016646
b1007,GO:0042602
b1007,GO:0052874
b1008,GO:0006208
b1008,GO:0006212
b1008,GO:0006974
b1008,GO:0019740
b1008,GO:0010181
b1008,GO:0016491
b1008,GO:0035527
b1009,GO:0006208
b1009,GO:0006212
b1009,GO:0019740
b1009,GO:0016787
b1009,GO:0016811
b1009,GO:0042803
b1010,GO:0006208
b1010,GO:0006212
b1010,GO:0019740
b1010,GO:0005829
b1010,GO:0016787
b1010,GO:0016810
b1010,GO:0019239
b1010,GO:0042802
b1011,GO:0006208
b1011,GO:0006212
b1011,GO:0019740
b1011,GO:0016787
b1011,GO:0016810
b1011,GO:0016811
b1012,GO:0006208
b1012,GO:0006210
b1012,GO:0006212
b1012,GO:0019740
b1012,GO:0046306
b1012,GO:0004497
b1012,GO:0008726
b1012,GO:0016705
b1012,GO:0052614
b1013,GO:0006355
b1013,GO:0045892
b1013,GO:0045893
b1013,GO:0000976
b1013,GO:0003677
b1013,GO:0003700
b1013,GO:0005515
b1014,GO:0006355
b1014,GO:0006560
b1014,GO:0006561
b1014,GO:0006562
b1014,GO:0006979
b1014,GO:0010133
b1014,GO:0045892
b1014,GO:0005829
b1014,GO:0005886
b1014,GO:0009898
b1014,GO:0000987
b1014,GO:0001217
b1014,GO:0003677
b1014,GO:0003700
b1014,GO:0003842
b1014,GO:0004657
b1014,GO:0016491
b1014,GO:0042802
b1014,GO:0042803
b1014,GO:0043565
b1014,GO:0050660
b1015,GO:0006814
b1015,GO:0006865
b1015,GO:0015824
b1015,GO:0015912
b1015,GO:0035524
b1015,GO:0046942
b1015,GO:0055085
b1015,GO:1905039
b1015,GO:0005886
b1015,GO:0016020
b1015,GO:0005298
b1015,GO:0015193
b1015,GO:0015293
b1015,GO:0031402
b1018,GO:0006979
b1018,GO:0009411
b1018,GO:0009636
b1018,GO:0046677
b1018,GO:0030288
b1018,GO:0042597
b1019,GO:0006974
b1019,GO:0033212
b1019,GO:0098869
b1019,GO:0005829
b1019,GO:0030288
b1019,GO:0042597
b1019,GO:0004325
b1019,GO:0004601
b1019,GO:0016829
b1019,GO:0020037
b1019,GO:0046872
b1020,GO:0005737
b1020,GO:0005829
b1020,GO:0005524
b1021,GO:0043708
b1021,GO:0043709
b1021,GO:0005886
b1021,GO:0005515
b1022,GO:0043708
b1022,GO:0005886
b1022,GO:0005515
b1022,GO:0008375
b1022,GO:0016757
b1023,GO:0005975
b1023,GO:0043708
b1023,GO:0044010
b1023,GO:0098732
b1023,GO:0009279
b1023,GO:0004553
b1023,GO:0005515
b1023,GO:0016787
b1023,GO:0016810
b1024,GO:0015774
b1024,GO:0044010
b1024,GO:0055085
b1024,GO:0009279
b1024,GO:0015159
b1024,GO:1901515
b1025,GO:0090609
b1025,GO:0005886
b1025,GO:0005525
b1025,GO:0016740
b1025,GO:0046872
b1025,GO:0052621
b1029,GO:0005886
b1033,GO:0033554
b1033,GO:0005737
b1033,GO:0005829
b1033,GO:0008465
b1033,GO:0016491
b1033,GO:0016616
b1033,GO:0016618
b1033,GO:0030267
b1033,GO:0051287
b1033,GO:0120509
b1034,GO:0071978
b1034,GO:0005829
b1034,GO:0003824
b1034,GO:0005515
b1034,GO:0008270
b1034,GO:0016787
b1034,GO:0016791
b1034,GO:0042578
b1034,GO:0042802
b1034,GO:0046872
b1035,GO:0006974
b1035,GO:0071978
b1035,GO:0005829
b1035,GO:0005515
b1036,GO:0005886
b1037,GO:0044010
b1037,GO:0071806
b1037,GO:0098775
b1037,GO:0098777
b1037,GO:0005886
b1037,GO:0009279
b1037,GO:0030288
b1037,GO:0062155
b1037,GO:0005515
b1037,GO:0042802
b1038,GO:0098775
b1038,GO:0098777
b1038,GO:0009279
b1038,GO:0062155
b1038,GO:0005515
b1038,GO:0042802
b1039,GO:0044010
b1039,GO:0071806
b1039,GO:0098775
b1039,GO:0098777
b1039,GO:0009279
b1039,GO:0062155
b1039,GO:0005515
b1039,GO:0042802
b1040,GO:0006355
b1040,GO:0045892
b1040,GO:1900190
b1040,GO:2000144
b1040,GO:0005886
b1040,GO:0032993
b1040,GO:0000976
b1040,GO:0000987
b1040,GO:0001216
b1040,GO:0001217
b1040,GO:0003677
b1040,GO:0042802
b1041,GO:0007155
b1041,GO:0044010
b1041,GO:0098775
b1041,GO:1905906
b1041,GO:1990000
b1041,GO:0009279
b1041,GO:0009289
b1041,GO:0005515
b1041,GO:0042802
b1042,GO:0007155
b1042,GO:0044010
b1042,GO:1905906
b1042,GO:1990000
b1042,GO:0009289
b1042,GO:0005515
b1042,GO:0042802
b1043,GO:0042597
b1044,GO:0044010
b1045,GO:0042278
b1045,GO:0046677
b1045,GO:0060701
b1045,GO:1900231
b1045,GO:0001883
b1045,GO:0008428
b1045,GO:0016787
b1045,GO:0019213
b1045,GO:0019899
b1045,GO:0060698
b1045,GO:0061463
b1046,GO:0008654
b1046,GO:0032049
b1046,GO:0016740
b1046,GO:0016780
b1046,GO:0030572
b1046,GO:0090483
b1050,GO:0006974
b1051,GO:0005829
b1053,GO:0046677
b1053,GO:0055085
b1053,GO:1901562
b1053,GO:1990961
b1053,GO:0005886
b1053,GO:0022857
b1054,GO:0006950
b1054,GO:0009103
b1054,GO:0009245
b1054,GO:0009247
b1054,GO:0036104
b1054,GO:0005886
b1054,GO:0016020
b1054,GO:0008913
b1054,GO:0016740
b1054,GO:0016746
b1055,GO:0002098
b1055,GO:0006400
b1055,GO:0008033
b1055,GO:0005515
b1055,GO:0016491
b1055,GO:0016705
b1056,GO:0030288
b1056,GO:0042597
b1057,GO:0022904
b1057,GO:0005886
b1057,GO:0016020
b1057,GO:0009055
b1057,GO:0020037
b1057,GO:0046872
b1058,GO:0010447
b1058,GO:0044010
b1058,GO:0005886
b1059,GO:0006974
b1059,GO:0005829
b1059,GO:0008115
b1059,GO:0016491
b1059,GO:0016647
b1059,GO:0050131
b1059,GO:0050660
b1060,GO:0090609
b1060,GO:1900190
b1061,GO:0006281
b1061,GO:0009432
b1061,GO:0019899
b1062,GO:0006207
b1062,GO:0006221
b1062,GO:0019856
b1062,GO:0044205
b1062,GO:0005737
b1062,GO:0005829
b1062,GO:0004151
b1062,GO:0008270
b1062,GO:0016787
b1062,GO:0042803
b1062,GO:0046872
b1063,GO:0005886
b1064,GO:0005829
b1064,GO:0015038
b1065,GO:0046677
b1065,GO:0055085
b1065,GO:0005886
b1065,GO:0016020
b1065,GO:0022857
b1066,GO:0030490
b1066,GO:0036211
b1066,GO:0042254
b1066,GO:0005737
b1066,GO:0005829
b1066,GO:0008080
b1066,GO:0008999
b1066,GO:0016746
b1066,GO:0016747
b1066,GO:1990189
b1067,GO:0005829
b1068,GO:0000166
b1068,GO:0016491
b1069,GO:0008360
b1069,GO:0009252
b1069,GO:0015836
b1069,GO:0034203
b1069,GO:0034204
b1069,GO:0071555
b1069,GO:0000935
b1069,GO:0005886
b1069,GO:0015648
b1069,GO:1901612
b1070,GO:0044780
b1070,GO:0044781
b1070,GO:0005737
b1070,GO:0005515
b1071,GO:0044781
b1071,GO:0045861
b1071,GO:0045892
b1071,GO:0005515
b1071,GO:0016989
b1072,GO:0044780
b1072,GO:0044781
b1072,GO:0071973
b1072,GO:0042597
b1073,GO:0006935
b1073,GO:0071973
b1073,GO:0009288
b1073,GO:0009425
b1073,GO:0030694
b1074,GO:0006935
b1074,GO:0071973
b1074,GO:0071978
b1074,GO:0009288
b1074,GO:0009425
b1074,GO:0030694
b1075,GO:0044781
b1075,GO:0005829
b1076,GO:0071978
b1076,GO:0005829
b1076,GO:0009288
b1076,GO:0009424
b1076,GO:0009425
b1077,GO:0006935
b1077,GO:0071973
b1077,GO:0071978
b1077,GO:0009288
b1077,GO:0009425
b1077,GO:0030694
b1078,GO:0006935
b1078,GO:0071973
b1078,GO:0071978
b1078,GO:0009279
b1078,GO:0009288
b1078,GO:0009425
b1078,GO:0009426
b1078,GO:0030694
b1079,GO:0006970
b1079,GO:0071973
b1079,GO:0097588
b1079,GO:0009279
b1079,GO:0009288
b1079,GO:0009425
b1079,GO:0009427
b1079,GO:0003774
b1080,GO:0006974
b1080,GO:0071973
b1080,GO:0097588
b1080,GO:0009288
b1080,GO:0009425
b1080,GO:0009428
b1080,GO:0030288
b1080,GO:0042597
b1080,GO:0005198
b1081,GO:0044780
b1081,GO:0044781
b1081,GO:0071555
b1081,GO:0071973
b1081,GO:0042597
b1081,GO:0004040
b1081,GO:0016798
b1082,GO:0044780
b1082,GO:0005576
b1082,GO:0009288
b1082,GO:0009424
b1082,GO:0005198
b1082,GO:0005515
b1083,GO:0071973
b1083,GO:0005576
b1083,GO:0009288
b1083,GO:0009424
b1083,GO:0005198
b1084,GO:0000967
b1084,GO:0006364
b1084,GO:0006396
b1084,GO:0006401
b1084,GO:0006402
b1084,GO:0008033
b1084,GO:0051259
b1084,GO:0051289
b1084,GO:1902280
b1084,GO:0005737
b1084,GO:0005886
b1084,GO:0009898
b1084,GO:0016020
b1084,GO:1902555
b1084,GO:1990061
b1084,GO:0000049
b1084,GO:0000287
b1084,GO:0003723
b1084,GO:0004519
b1084,GO:0004521
b1084,GO:0004540
b1084,GO:0005515
b1084,GO:0008270
b1084,GO:0008312
b1084,GO:0008995
b1084,GO:0017151
b1084,GO:0019843
b1084,GO:0042802
b1084,GO:0046872
b1084,GO:0060090
b1086,GO:0000455
b1086,GO:0001522
b1086,GO:0006364
b1086,GO:0005829
b1086,GO:0003723
b1086,GO:0009982
b1086,GO:0016853
b1086,GO:0120159
b1086,GO:0160141
b1087,GO:0009117
b1087,GO:0005737
b1087,GO:0016462
b1087,GO:0016787
b1087,GO:0047429
b1088,GO:0042254
b1088,GO:0005829
b1089,GO:0000027
b1089,GO:0000302
b1089,GO:0002181
b1089,GO:0006412
b1089,GO:0009314
b1089,GO:0005737
b1089,GO:0005829
b1089,GO:0005840
b1089,GO:0015934
b1089,GO:0022625
b1089,GO:1990904
b1089,GO:0003735
b1089,GO:0005515
b1090,GO:0006633
b1090,GO:0006644
b1090,GO:0008654
b1090,GO:0005737
b1090,GO:0016740
b1090,GO:0016747
b1090,GO:0043811
b1091,GO:0006631
b1091,GO:0006633
b1091,GO:0044281
b1091,GO:0005737
b1091,GO:0005829
b1091,GO:0004315
b1091,GO:0016746
b1091,GO:0033818
b1092,GO:0006633
b1092,GO:0005829
b1092,GO:0004314
b1092,GO:0016746
b1093,GO:0006633
b1093,GO:0008610
b1093,GO:0009102
b1093,GO:0030497
b1093,GO:0005829
b1093,GO:0004316
b1093,GO:0016491
b1093,GO:0016616
b1093,GO:0042802
b1093,GO:0046872
b1093,GO:0050661
b1093,GO:0051287
b1094,GO:0006633
b1094,GO:0008610
b1094,GO:0009245
b1094,GO:0009410
b1094,GO:0005737
b1094,GO:0005829
b1094,GO:0000035
b1094,GO:0000036
b1094,GO:0005515
b1094,GO:0008289
b1094,GO:0031177
b1095,GO:0006633
b1095,GO:0009409
b1095,GO:0019367
b1095,GO:0044281
b1095,GO:1903966
b1095,GO:0005829
b1095,GO:0004315
b1095,GO:0005515
b1095,GO:0016746
b1095,GO:0016747
b1095,GO:0042803
b1096,GO:0008153
b1096,GO:0046394
b1096,GO:0046654
b1096,GO:0046656
b1096,GO:0005829
b1096,GO:0008696
b1096,GO:0016829
b1096,GO:0030170
b1097,GO:0000270
b1097,GO:0009252
b1097,GO:0071555
b1097,GO:0005886
b1097,GO:0030288
b1097,GO:0005515
b1097,GO:0008932
b1097,GO:0016829
b1098,GO:0006227
b1098,GO:0006233
b1098,GO:0006235
b1098,GO:0009165
b1098,GO:0015949
b1098,GO:0016310
b1098,GO:0046940
b1098,GO:0005737
b1098,GO:0005829
b1098,GO:0004798
b1098,GO:0005524
b1098,GO:0016301
b1098,GO:0042803
b1099,GO:0006260
b1099,GO:0006261
b1099,GO:0071897
b1099,GO:0009360
b1099,GO:0030894
b1099,GO:0043846
b1099,GO:0003677
b1099,GO:0003689
b1099,GO:0003887
b1099,GO:0005515
b1099,GO:0008408
b1100,GO:0006259
b1100,GO:0005829
b1100,GO:0004536
b1100,GO:0005515
b1100,GO:0016787
b1100,GO:0046872
b1101,GO:0006355
b1101,GO:0009401
b1101,GO:0016310
b1101,GO:0098708
b1101,GO:1904659
b1101,GO:0005886
b1101,GO:0016020
b1101,GO:1902495
b1101,GO:0005515
b1101,GO:0008982
b1101,GO:0016301
b1101,GO:0055056
b1101,GO:0090564
b1102,GO:0006826
b1102,GO:0006879
b1102,GO:0015687
b1102,GO:0015891
b1102,GO:0033214
b1102,GO:0042928
b1102,GO:0044718
b1102,GO:0072711
b1102,GO:0009279
b1102,GO:0016020
b1102,GO:1902495
b1102,GO:0015092
b1102,GO:0015343
b1102,GO:0015344
b1102,GO:0038023
b1103,GO:0055130
b1103,GO:0005737
b1103,GO:0005829
b1103,GO:0000166
b1103,GO:0003824
b1103,GO:0016787
b1103,GO:0042803
b1103,GO:0043530
b1104,GO:0006974
b1105,GO:0008360
b1105,GO:0009252
b1105,GO:0009279
b1105,GO:0031241
b1105,GO:0005515
b1105,GO:0008047
b1105,GO:0019899
b1105,GO:0030234
b1106,GO:0006772
b1106,GO:0009229
b1106,GO:0016310
b1106,GO:0005524
b1106,GO:0016301
b1106,GO:0019165
b1107,GO:0005975
b1107,GO:0008360
b1107,GO:0009252
b1107,GO:0009254
b1107,GO:0051301
b1107,GO:0071555
b1107,GO:0005737
b1107,GO:0005829
b1107,GO:0004563
b1107,GO:0016231
b1107,GO:0016798
b1108,GO:0005829
b1108,GO:0005515
b1109,GO:0006116
b1109,GO:0009060
b1109,GO:0009061
b1109,GO:0019646
b1109,GO:0055070
b1109,GO:1902600
b1109,GO:0005886
b1109,GO:0030964
b1109,GO:0003954
b1109,GO:0008137
b1109,GO:0008823
b1109,GO:0016491
b1109,GO:0050136
b1109,GO:0050660
b1110,GO:1900190
b1110,GO:0005886
b1110,GO:0016020
b1110,GO:0019867
b1111,GO:0006355
b1111,GO:0009889
b1111,GO:0045892
b1111,GO:0046688
b1111,GO:0080090
b1111,GO:0000976
b1111,GO:0003677
b1111,GO:0003700
b1112,GO:0006950
b1112,GO:0044010
b1112,GO:0046688
b1112,GO:0009279
b1114,GO:0000716
b1114,GO:0006281
b1114,GO:0006283
b1114,GO:0006294
b1114,GO:0006355
b1114,GO:0006974
b1114,GO:0005737
b1114,GO:0005829
b1114,GO:1990391
b1114,GO:0003677
b1114,GO:0003684
b1114,GO:0004386
b1114,GO:0005515
b1114,GO:0005524
b1114,GO:0015616
b1114,GO:0016787
b1114,GO:0043175
b1115,GO:0009246
b1115,GO:0005886
b1115,GO:0016413
b1115,GO:0016747
b1116,GO:0042953
b1116,GO:0044874
b1116,GO:0089705
b1116,GO:0005886
b1116,GO:0016020
b1116,GO:0030288
b1116,GO:0043190
b1116,GO:0098797
b1116,GO:0005515
b1116,GO:0140306
b1117,GO:0044873
b1117,GO:0044874
b1117,GO:0055085
b1117,GO:0089705
b1117,GO:0005886
b1117,GO:0016020
b1117,GO:0043190
b1117,GO:0098797
b1117,GO:0005524
b1117,GO:0016887
b1117,GO:0022857
b1117,GO:0140306
b1118,GO:0042953
b1118,GO:0044874
b1118,GO:0005886
b1118,GO:0016020
b1118,GO:0043190
b1118,GO:0098797
b1118,GO:0005515
b1118,GO:0140306
b1119,GO:0006044
b1119,GO:0009254
b1119,GO:0016310
b1119,GO:0046835
b1119,GO:0005515
b1119,GO:0005524
b1119,GO:0008270
b1119,GO:0016301
b1119,GO:0045127
b1119,GO:0046872
b1120,GO:0006338
b1120,GO:0006476
b1120,GO:0036048
b1120,GO:0036049
b1120,GO:0005737
b1120,GO:0003950
b1120,GO:0005515
b1120,GO:0008270
b1120,GO:0016740
b1120,GO:0017136
b1120,GO:0034979
b1120,GO:0036054
b1120,GO:0036055
b1120,GO:0046872
b1120,GO:0070403
b1120,GO:0160013
b1121,GO:0005886
b1122,GO:0071978
b1122,GO:0005886
b1123,GO:0015846
b1123,GO:0015847
b1123,GO:0015848
b1123,GO:1903711
b1123,GO:0016020
b1123,GO:0030288
b1123,GO:0042597
b1123,GO:0019808
b1123,GO:0019809
b1123,GO:0019810
b1124,GO:0015847
b1124,GO:0055085
b1124,GO:1903711
b1124,GO:0005886
b1124,GO:0016020
b1124,GO:0043190
b1124,GO:0015417
b1125,GO:0015847
b1125,GO:0055085
b1125,GO:1903711
b1125,GO:0005886
b1125,GO:0016020
b1125,GO:0043190
b1125,GO:0015417
b1126,GO:0015846
b1126,GO:0015847
b1126,GO:0055085
b1126,GO:1903711
b1126,GO:0005886
b1126,GO:0016020
b1126,GO:0032991
b1126,GO:0043190
b1126,GO:0000166
b1126,GO:0005524
b1126,GO:0015417
b1126,GO:0015594
b1126,GO:0016887
b1127,GO:0006508
b1127,GO:0006518
b1127,GO:0043171
b1127,GO:0005737
b1127,GO:0005829
b1127,GO:0004177
b1127,GO:0005515
b1127,GO:0008237
b1127,GO:0008270
b1127,GO:0042803
b1127,GO:0045148
b1127,GO:0046872
b1128,GO:0043687
b1128,GO:0005515
b1128,GO:0008198
b1128,GO:0016706
b1128,GO:0042803
b1128,GO:0046872
b1128,GO:0051213
b1129,GO:0000160
b1129,GO:0007165
b1129,GO:0007234
b1129,GO:0010350
b1129,GO:0016310
b1129,GO:0018106
b1129,GO:0005886
b1129,GO:0016020
b1129,GO:0000155
b1129,GO:0004673
b1129,GO:0004721
b1129,GO:0005515
b1129,GO:0005524
b1129,GO:0016301
b1129,GO:0042802
b1129,GO:0046872
b1130,GO:0000160
b1130,GO:0006355
b1130,GO:0045893
b1130,GO:0005737
b1130,GO:0005829
b1130,GO:0032993
b1130,GO:0000156
b1130,GO:0000976
b1130,GO:0001216
b1130,GO:0003677
b1130,GO:0042802
b1131,GO:0006164
b1131,GO:0006188
b1131,GO:0006189
b1131,GO:0006974
b1131,GO:0044208
b1131,GO:0005829
b1131,GO:0004018
b1131,GO:0005515
b1131,GO:0016829
b1131,GO:0070626
b1131,GO:0097216
b1132,GO:0009408
b1132,GO:0005737
b1132,GO:0005886
b1132,GO:0009898
b1132,GO:0005515
b1133,GO:0002143
b1133,GO:0006400
b1133,GO:0008033
b1133,GO:0005737
b1133,GO:0005829
b1133,GO:1990228
b1133,GO:0000049
b1133,GO:0005524
b1133,GO:0016740
b1133,GO:0016783
b1133,GO:0103016
b1134,GO:0002145
b1134,GO:0004787
b1134,GO:0016462
b1134,GO:0016787
b1134,GO:0017110
b1134,GO:0017111
b1135,GO:0000455
b1135,GO:0001522
b1135,GO:0006364
b1135,GO:0003723
b1135,GO:0009982
b1135,GO:0016853
b1135,GO:0120159
b1135,GO:0140098
b1135,GO:0160137
b1136,GO:0006097
b1136,GO:0006099
b1136,GO:0006979
b1136,GO:0022900
b1136,GO:0005737
b1136,GO:0005829
b1136,GO:0000287
b1136,GO:0004450
b1136,GO:0005515
b1136,GO:0016491
b1136,GO:0046872
b1136,GO:0051287
b1136,GO:0097216
b1138,GO:0005886
b1139,GO:0006448
b1139,GO:0006508
b1139,GO:0005886
b1139,GO:0008233
b1140,GO:0006310
b1140,GO:0015074
b1140,GO:0044826
b1140,GO:0046718
b1140,GO:0075713
b1140,GO:0003677
b1140,GO:0008907
b1140,GO:0046982
b1141,GO:0006310
b1141,GO:0003677
b1144,GO:0005829
b1147,GO:0003677
b1148,GO:2000245
b1150,GO:0005886
b1156,GO:0005515
b1158,GO:0006310
b1158,GO:0015074
b1158,GO:0000150
b1158,GO:0003677
b1158,GO:0016787
b1158,GO:0016874
b1159,GO:0009307
b1159,GO:0003676
b1159,GO:0004519
b1159,GO:0008270
b1159,GO:0008327
b1160,GO:0009267
b1160,GO:0010350
b1160,GO:0042177
b1160,GO:0045893
b1160,GO:0071468
b1160,GO:0005737
b1160,GO:0005515
b1160,GO:0043856
b1162,GO:0006355
b1162,GO:0045892
b1162,GO:0003677
b1162,GO:0003700
b1162,GO:0005515
b1163,GO:0009637
b1163,GO:0009785
b1163,GO:0009881
b1163,GO:0009882
b1163,GO:0050660
b1163,GO:0071949
b1163,GO:0140297
b1164,GO:0045892
b1164,GO:0071468
b1164,GO:0005515
b1165,GO:1900191
b1165,GO:0005515
b1166,GO:0042542
b1166,GO:0044010
b1166,GO:0071468
b1166,GO:0003677
b1166,GO:0005515
b1166,GO:0042803
b1167,GO:0044010
b1168,GO:0005737
b1168,GO:0005886
b1168,GO:0030288
b1168,GO:0016787
b1168,GO:0071111
b1171,GO:0030288
b1174,GO:0000918
b1174,GO:0032955
b1174,GO:0051301
b1174,GO:0005829
b1174,GO:0005886
b1174,GO:0001671
b1174,GO:0005515
b1174,GO:0042802
b1174,GO:0060590
b1175,GO:0000917
b1175,GO:0000918
b1175,GO:0007059
b1175,GO:0008298
b1175,GO:0051301
b1175,GO:0005829
b1175,GO:0005886
b1175,GO:0009898
b1175,GO:0060187
b1175,GO:0005515
b1175,GO:0005524
b1175,GO:0016887
b1175,GO:0042802
b1176,GO:0000902
b1176,GO:0000917
b1176,GO:0000918
b1176,GO:0051301
b1176,GO:0051302
b1176,GO:0051726
b1176,GO:0090529
b1176,GO:1901891
b1176,GO:0005829
b1176,GO:0060187
b1176,GO:0004857
b1176,GO:0005515
b1176,GO:0042802
b1178,GO:0006952
b1178,GO:0030288
b1178,GO:0042597
b1178,GO:0060241
b1180,GO:0006107
b1180,GO:0003824
b1180,GO:0016853
b1180,GO:0018773
b1180,GO:0046872
b1180,GO:0050163
b1182,GO:0031640
b1182,GO:0044179
b1182,GO:0044532
b1182,GO:0005576
b1182,GO:0016020
b1182,GO:0020002
b1182,GO:0042597
b1182,GO:0042802
b1182,GO:0090729
b1183,GO:0006281
b1183,GO:0006355
b1183,GO:0006508
b1183,GO:0006974
b1183,GO:0009432
b1183,GO:0019985
b1183,GO:0005829
b1183,GO:0009355
b1183,GO:0003676
b1183,GO:0003677
b1183,GO:0003697
b1183,GO:0003887
b1183,GO:0005515
b1183,GO:0008094
b1183,GO:0008236
b1183,GO:0042802
b1184,GO:0006281
b1184,GO:0006974
b1184,GO:0009432
b1184,GO:0019985
b1184,GO:0042276
b1184,GO:0005829
b1184,GO:0005886
b1184,GO:0009355
b1184,GO:0016020
b1184,GO:0003684
b1184,GO:0003697
b1184,GO:0003887
b1184,GO:0005515
b1184,GO:0008094
b1185,GO:0006457
b1185,GO:0009408
b1185,GO:0005886
b1185,GO:0016020
b1185,GO:0005515
b1185,GO:0009055
b1185,GO:0015035
b1185,GO:0016491
b1185,GO:0016672
b1185,GO:0048039
b1186,GO:0006814
b1186,GO:0010226
b1186,GO:0035725
b1186,GO:0055085
b1186,GO:0005886
b1186,GO:0016020
b1186,GO:0015081
b1186,GO:0015297
b1186,GO:0015385
b1187,GO:0006355
b1187,GO:0006631
b1187,GO:0019217
b1187,GO:0045723
b1187,GO:0045892
b1187,GO:0045893
b1187,GO:0005737
b1187,GO:0005829
b1187,GO:0000062
b1187,GO:0003677
b1187,GO:0003700
b1187,GO:0042803
b1188,GO:0006974
b1189,GO:0019478
b1189,GO:0019480
b1189,GO:0055130
b1189,GO:0005737
b1189,GO:0005886
b1189,GO:0008718
b1189,GO:0016491
b1189,GO:0042803
b1190,GO:0006522
b1190,GO:0019480
b1190,GO:0030632
b1190,GO:0005829
b1190,GO:0008784
b1190,GO:0016853
b1190,GO:0030170
b1190,GO:0042803
b1191,GO:0006813
b1191,GO:0006884
b1191,GO:0071805
b1191,GO:1902600
b1191,GO:0005886
b1191,GO:0016020
b1191,GO:0015297
b1191,GO:0015386
b1191,GO:0050660
b1192,GO:0006508
b1192,GO:0008360
b1192,GO:0009252
b1192,GO:0009254
b1192,GO:0071555
b1192,GO:0005737
b1192,GO:0005829
b1192,GO:0004180
b1192,GO:0008236
b1192,GO:0042803
b1192,GO:0061787
b1192,GO:0106415
b1193,GO:0000270
b1193,GO:0016998
b1193,GO:0051301
b1193,GO:0071555
b1193,GO:0009279
b1193,GO:0008932
b1193,GO:0008933
b1193,GO:0016829
b1193,GO:0016837
b1194,GO:0071945
b1194,GO:0071973
b1194,GO:1902201
b1194,GO:0009288
b1194,GO:0009425
b1194,GO:0000166
b1194,GO:0005515
b1194,GO:0035438
b1195,GO:0005886
b1195,GO:0016020
b1197,GO:0005991
b1197,GO:0005993
b1197,GO:0006974
b1197,GO:0071474
b1197,GO:0030288
b1197,GO:0042597
b1197,GO:0004555
b1197,GO:0016798
b1198,GO:0006090
b1198,GO:0006974
b1198,GO:0009401
b1198,GO:0016310
b1198,GO:0019563
b1198,GO:0046835
b1198,GO:0005829
b1198,GO:0016020
b1198,GO:1990234
b1198,GO:0016740
b1198,GO:0042803
b1198,GO:0047324
b1199,GO:0006071
b1199,GO:0006090
b1199,GO:0016310
b1199,GO:0019563
b1199,GO:0046835
b1199,GO:0005737
b1199,GO:0005829
b1199,GO:1990234
b1199,GO:0000287
b1199,GO:0004371
b1199,GO:0005515
b1199,GO:0005524
b1199,GO:0016301
b1199,GO:0016740
b1199,GO:0043531
b1199,GO:0046872
b1199,GO:0047324
b1200,GO:0006071
b1200,GO:0006090
b1200,GO:0006974
b1200,GO:0016310
b1200,GO:0019563
b1200,GO:0042182
b1200,GO:0046365
b1200,GO:0046835
b1200,GO:0061610
b1200,GO:0005829
b1200,GO:1990234
b1200,GO:0004371
b1200,GO:0005515
b1200,GO:0016301
b1200,GO:0042802
b1200,GO:0042803
b1200,GO:0047324
b1201,GO:0006071
b1201,GO:0006351
b1201,GO:0006355
b1201,GO:0003677
b1201,GO:0005515
b1201,GO:0005524
b1201,GO:0016887
b1201,GO:0043565
b1202,GO:0007155
b1202,GO:0043708
b1202,GO:0019867
b1203,GO:0006979
b1203,GO:0005737
b1203,GO:0004857
b1203,GO:0005515
b1203,GO:0005524
b1203,GO:0005525
b1203,GO:0016887
b1203,GO:0017111
b1203,GO:0042803
b1203,GO:0043022
b1203,GO:0043023
b1203,GO:0046872
b1204,GO:0006412
b1204,GO:0006515
b1204,GO:0005737
b1204,GO:0004045
b1204,GO:0016787
b1205,GO:0044011
b1205,GO:0070301
b1205,GO:0071276
b1206,GO:0015741
b1206,GO:0015810
b1206,GO:0055085
b1206,GO:0070778
b1206,GO:0071422
b1206,GO:1902358
b1206,GO:0005886
b1206,GO:0016020
b1206,GO:0008271
b1206,GO:0015138
b1206,GO:0015141
b1206,GO:0015183
b1207,GO:0006015
b1207,GO:0006164
b1207,GO:0009156
b1207,GO:0009165
b1207,GO:0016310
b1207,GO:0034214
b1207,GO:0002189
b1207,GO:0005737
b1207,GO:0005829
b1207,GO:0000287
b1207,GO:0004749
b1207,GO:0005515
b1207,GO:0005524
b1207,GO:0016301
b1207,GO:0042301
b1207,GO:0042802
b1207,GO:0043531
b1207,GO:0046872
b1208,GO:0008299
b1208,GO:0016114
b1208,GO:0016310
b1208,GO:0019288
b1208,GO:0005515
b1208,GO:0005524
b1208,GO:0016301
b1208,GO:0050515
b1209,GO:0015031
b1209,GO:0042157
b1209,GO:0044874
b1209,GO:0009279
b1209,GO:0030288
b1209,GO:0005515
b1210,GO:0006779
b1210,GO:0006782
b1210,GO:0019353
b1210,GO:0033014
b1210,GO:0005515
b1210,GO:0008883
b1210,GO:0016491
b1210,GO:0042802
b1210,GO:0050661
b1211,GO:0006412
b1211,GO:0006415
b1211,GO:0005737
b1211,GO:0005829
b1211,GO:0005515
b1211,GO:0016149
b1211,GO:0043022
b1212,GO:0006415
b1212,GO:0006479
b1212,GO:0010468
b1212,GO:0018364
b1212,GO:0032259
b1212,GO:0043414
b1212,GO:0003676
b1212,GO:0008168
b1212,GO:0008170
b1212,GO:0008276
b1212,GO:0008757
b1212,GO:0036009
b1212,GO:0102559
b1213,GO:0005886
b1215,GO:0009058
b1215,GO:0009103
b1215,GO:0019294
b1215,GO:0005737
b1215,GO:0005829
b1215,GO:0032991
b1215,GO:0008676
b1215,GO:0016740
b1215,GO:0042802
b1216,GO:0006811
b1216,GO:0010446
b1216,GO:0035725
b1216,GO:0055085
b1216,GO:0071805
b1216,GO:1902600
b1216,GO:0005886
b1216,GO:0016020
b1216,GO:0015297
b1216,GO:0015385
b1216,GO:0015386
b1218,GO:0006751
b1218,GO:0005737
b1218,GO:0003839
b1218,GO:0016829
b1218,GO:0061928
b1219,GO:0005829
b1219,GO:0032991
b1219,GO:0005515
b1219,GO:0042802
b1220,GO:0009279
b1220,GO:0042597
b1221,GO:0000160
b1221,GO:0006355
b1221,GO:0042128
b1221,GO:0045892
b1221,GO:0005829
b1221,GO:0032993
b1221,GO:0000976
b1221,GO:0001217
b1221,GO:0003677
b1221,GO:0005515
b1221,GO:0005524
b1221,GO:0042802
b1222,GO:0000160
b1222,GO:0006974
b1222,GO:0007165
b1222,GO:0016310
b1222,GO:0018106
b1222,GO:0042128
b1222,GO:0071249
b1222,GO:0071250
b1222,GO:0005886
b1222,GO:0016020
b1222,GO:0030288
b1222,GO:0000155
b1222,GO:0004672
b1222,GO:0004673
b1222,GO:0004721
b1222,GO:0005515
b1222,GO:0005524
b1222,GO:0016301
b1222,GO:0042803
b1222,GO:0046983
b1223,GO:0015706
b1223,GO:0015707
b1223,GO:0042128
b1223,GO:0043602
b1223,GO:0005886
b1223,GO:0016020
b1223,GO:0005452
b1223,GO:0015112
b1223,GO:0015113
b1224,GO:0009061
b1224,GO:0019645
b1224,GO:0042126
b1224,GO:0042128
b1224,GO:0045333
b1224,GO:0005886
b1224,GO:0009325
b1224,GO:0016020
b1224,GO:0044799
b1224,GO:1990204
b1224,GO:0005515
b1224,GO:0008940
b1224,GO:0009055
b1224,GO:0016491
b1224,GO:0043546
b1224,GO:0046872
b1224,GO:0051539
b1224,GO:0160182
b1225,GO:0009061
b1225,GO:0019645
b1225,GO:0042126
b1225,GO:0042128
b1225,GO:0005886
b1225,GO:0009325
b1225,GO:0016020
b1225,GO:0044799
b1225,GO:0005515
b1225,GO:0008940
b1225,GO:0009055
b1225,GO:0016491
b1225,GO:0046872
b1225,GO:0051538
b1225,GO:0051539
b1225,GO:0160182
b1226,GO:0042128
b1226,GO:0051131
b1226,GO:0005737
b1226,GO:0005515
b1226,GO:0016530
b1226,GO:0051082
b1227,GO:0009061
b1227,GO:0019645
b1227,GO:0042126
b1227,GO:0042128
b1227,GO:0005886
b1227,GO:0009325
b1227,GO:0016020
b1227,GO:0044799
b1227,GO:0008940
b1227,GO:0009055
b1227,GO:0016491
b1227,GO:0020037
b1227,GO:0046872
b1227,GO:0160182
b1232,GO:0006164
b1232,GO:0006189
b1232,GO:0006730
b1232,GO:0034214
b1232,GO:0005829
b1232,GO:0008864
b1232,GO:0016787
b1232,GO:0042802
b1233,GO:0005515
b1234,GO:0016042
b1234,GO:0046470
b1234,GO:0004622
b1234,GO:0016787
b1235,GO:0000160
b1235,GO:0006355
b1235,GO:0010468
b1235,GO:0031648
b1235,GO:0045862
b1235,GO:0045892
b1235,GO:0005829
b1235,GO:0032993
b1235,GO:1903865
b1235,GO:0000156
b1235,GO:0000976
b1235,GO:0005515
b1235,GO:0016989
b1236,GO:0006011
b1236,GO:0009058
b1236,GO:0009242
b1236,GO:0009244
b1236,GO:0033499
b1236,GO:1900727
b1236,GO:0005829
b1236,GO:0032991
b1236,GO:0000287
b1236,GO:0003983
b1236,GO:0016779
b1236,GO:0042802
b1237,GO:0006355
b1237,GO:0006417
b1237,GO:0036386
b1237,GO:0045892
b1237,GO:1900232
b1237,GO:0005667
b1237,GO:0005737
b1237,GO:0005829
b1237,GO:0009295
b1237,GO:0016020
b1237,GO:0032993
b1237,GO:0036411
b1237,GO:0097495
b1237,GO:1990121
b1237,GO:0000976
b1237,GO:0001217
b1237,GO:0003677
b1237,GO:0003680
b1237,GO:0003681
b1237,GO:0003723
b1237,GO:0005515
b1237,GO:0030527
b1237,GO:0042802
b1237,GO:0046983
b1238,GO:0006259
b1238,GO:0016310
b1238,GO:0036198
b1238,GO:0046104
b1238,GO:0071897
b1238,GO:0005737
b1238,GO:0005829
b1238,GO:0004797
b1238,GO:0005524
b1238,GO:0008270
b1238,GO:0016301
b1238,GO:0042802
b1238,GO:0046872
b1241,GO:0006066
b1241,GO:0006115
b1241,GO:0006979
b1241,GO:0015976
b1241,GO:0019664
b1241,GO:0051260
b1241,GO:0005829
b1241,GO:0016020
b1241,GO:0004022
b1241,GO:0005515
b1241,GO:0008198
b1241,GO:0008774
b1241,GO:0016491
b1241,GO:0016616
b1241,GO:0018455
b1241,GO:0042802
b1241,GO:0046872
b1242,GO:0005886
b1242,GO:0016020
b1243,GO:0006857
b1243,GO:0009408
b1243,GO:0015031
b1243,GO:0015833
b1243,GO:0055085
b1243,GO:0061077
b1243,GO:0140205
b1243,GO:0016020
b1243,GO:0030288
b1243,GO:0042597
b1243,GO:0043190
b1243,GO:0055052
b1243,GO:1900750
b1243,GO:1904680
b1244,GO:0015031
b1244,GO:0015833
b1244,GO:0015834
b1244,GO:0055085
b1244,GO:0140205
b1244,GO:0140207
b1244,GO:0005886
b1244,GO:0016020
b1244,GO:0055052
b1244,GO:0015640
b1245,GO:0015031
b1245,GO:0015833
b1245,GO:0015834
b1245,GO:0055085
b1245,GO:0140205
b1245,GO:0140207
b1245,GO:0005886
b1245,GO:0016020
b1245,GO:0055052
b1245,GO:0015640
b1246,GO:0015031
b1246,GO:0015833
b1246,GO:0015834
b1246,GO:0140205
b1246,GO:0140207
b1246,GO:0005886
b1246,GO:0016020
b1246,GO:0055052
b1246,GO:0005515
b1246,GO:0005524
b1246,GO:0015640
b1246,GO:0016887
b1247,GO:0015031
b1247,GO:0015833
b1247,GO:0015834
b1247,GO:0140205
b1247,GO:0140207
b1247,GO:0005886
b1247,GO:0016020
b1247,GO:0055052
b1247,GO:0005524
b1247,GO:0015640
b1247,GO:0016887
b1248,GO:0005515
b1249,GO:0008654
b1249,GO:0032049
b1249,GO:0005886
b1249,GO:0016020
b1249,GO:0060187
b1249,GO:0005515
b1249,GO:0008808
b1249,GO:0016740
b1249,GO:0016780
b1249,GO:0030572
b1250,GO:0006813
b1250,GO:0034220
b1250,GO:0071805
b1250,GO:0005886
b1250,GO:0032991
b1250,GO:0005267
b1250,GO:0042802
b1251,GO:0005829
b1252,GO:0006879
b1252,GO:0015031
b1252,GO:0015889
b1252,GO:0015891
b1252,GO:0030003
b1252,GO:0042914
b1252,GO:0043213
b1252,GO:0055085
b1252,GO:0098002
b1252,GO:0005886
b1252,GO:0009279
b1252,GO:0016020
b1252,GO:0030288
b1252,GO:0030313
b1252,GO:0098797
b1252,GO:1902495
b1252,GO:0005515
b1252,GO:0019904
b1252,GO:0031992
b1253,GO:0006637
b1253,GO:0009062
b1253,GO:0044581
b1253,GO:0005737
b1253,GO:0005829
b1253,GO:0016787
b1253,GO:0016790
b1253,GO:0052816
b1254,GO:0005886
b1254,GO:0016020
b1254,GO:0005515
b1255,GO:0005886
b1256,GO:0055085
b1256,GO:0009279
b1256,GO:0019867
b1256,GO:0005515
b1258,GO:0006974
b1258,GO:0042803
b1259,GO:0071978
b1260,GO:0000162
b1260,GO:0006568
b1260,GO:0009073
b1260,GO:0005737
b1260,GO:0005829
b1260,GO:0004834
b1260,GO:0016829
b1260,GO:0060090
b1261,GO:0000162
b1261,GO:0006568
b1261,GO:0009073
b1261,GO:0005737
b1261,GO:0005829
b1261,GO:0004834
b1261,GO:0016829
b1261,GO:0030170
b1261,GO:0042802
b1261,GO:0042803
b1262,GO:0000162
b1262,GO:0006568
b1262,GO:0004425
b1262,GO:0004640
b1262,GO:0016830
b1262,GO:0016831
b1262,GO:0016853
b1264,GO:0000162
b1264,GO:0009058
b1264,GO:0005950
b1264,GO:0004049
b1264,GO:0016829
b1264,GO:0046872
b1265,GO:0000162
b1265,GO:0090357
b1266,GO:0000470
b1266,GO:0000481
b1266,GO:0006259
b1266,GO:0006364
b1266,GO:0030490
b1266,GO:0000166
b1266,GO:0003824
b1266,GO:0004527
b1266,GO:0004534
b1266,GO:0008252
b1266,GO:0030145
b1266,GO:0035312
b1266,GO:0046872
b1266,GO:0097657
b1267,GO:0005829
b1267,GO:0003725
b1268,GO:0005886
b1269,GO:0000455
b1269,GO:0001522
b1269,GO:0006364
b1269,GO:0005829
b1269,GO:0003723
b1269,GO:0005515
b1269,GO:0009982
b1269,GO:0016853
b1269,GO:0120159
b1269,GO:0160139
b1270,GO:0006779
b1270,GO:0009236
b1270,GO:0019250
b1270,GO:0005737
b1270,GO:0005524
b1270,GO:0008817
b1270,GO:0016740
b1271,GO:0016491
b1272,GO:0006508
b1272,GO:0005886
b1272,GO:0004252
b1272,GO:0008236
b1273,GO:0005829
b1274,GO:0006265
b1274,GO:0005694
b1274,GO:0005829
b1274,GO:0003677
b1274,GO:0003916
b1274,GO:0003917
b1274,GO:0005515
b1274,GO:0046872
b1274,GO:0140226
b1275,GO:0006351
b1275,GO:0006355
b1275,GO:0010165
b1275,GO:0019344
b1275,GO:0005737
b1275,GO:0005829
b1275,GO:0000976
b1275,GO:0003677
b1275,GO:0003700
b1275,GO:0042802
b1276,GO:0006097
b1276,GO:0006099
b1276,GO:0006101
b1276,GO:0006979
b1276,GO:0009061
b1276,GO:0005737
b1276,GO:0005829
b1276,GO:0003723
b1276,GO:0003729
b1276,GO:0003730
b1276,GO:0003994
b1276,GO:0005506
b1276,GO:0016829
b1276,GO:0030350
b1276,GO:0046872
b1276,GO:0051539
b1277,GO:0009231
b1277,GO:0005829
b1277,GO:0000287
b1277,GO:0003824
b1277,GO:0003935
b1277,GO:0005515
b1277,GO:0005525
b1277,GO:0008270
b1277,GO:0016787
b1277,GO:0042803
b1277,GO:0046872
b1278,GO:0006655
b1278,GO:0009252
b1278,GO:0009395
b1278,GO:0046474
b1278,GO:0005886
b1278,GO:0009279
b1278,GO:0000810
b1278,GO:0008195
b1278,GO:0008962
b1278,GO:0016787
b1278,GO:0050380
b1279,GO:0008653
b1279,GO:0005886
b1279,GO:0005515
b1280,GO:0008653
b1280,GO:0046890
b1280,GO:0005829
b1280,GO:0005886
b1280,GO:0009898
b1280,GO:0005506
b1280,GO:0005515
b1280,GO:0046872
b1281,GO:0006207
b1281,GO:0006221
b1281,GO:0015949
b1281,GO:0044205
b1281,GO:0005737
b1281,GO:0005829
b1281,GO:0004590
b1281,GO:0005515
b1281,GO:0016831
b1282,GO:0001731
b1282,GO:0002188
b1282,GO:0006412
b1282,GO:0006413
b1282,GO:0006417
b1282,GO:0003743
b1282,GO:0043024
b1283,GO:0006970
b1283,GO:0005886
b1283,GO:0019867
b1284,GO:0006355
b1284,GO:0006974
b1284,GO:0005829
b1284,GO:0003677
b1284,GO:0003700
b1285,GO:0010608
b1285,GO:0005515
b1285,GO:0005525
b1285,GO:0016787
b1285,GO:0071111
b1286,GO:0006401
b1286,GO:0006402
b1286,GO:0016078
b1286,GO:0005737
b1286,GO:0005829
b1286,GO:0003723
b1286,GO:0004527
b1286,GO:0005515
b1286,GO:0008408
b1286,GO:0008859
b1288,GO:0006633
b1288,GO:0008610
b1288,GO:0009102
b1288,GO:0030497
b1288,GO:0046677
b1288,GO:0051289
b1288,GO:0005829
b1288,GO:0016020
b1288,GO:0032991
b1288,GO:1902494
b1288,GO:0004318
b1288,GO:0005515
b1288,GO:0016491
b1288,GO:0042802
b1288,GO:0070404
b1290,GO:0015833
b1290,GO:0015847
b1290,GO:0005886
b1290,GO:0016020
b1290,GO:0043190
b1290,GO:0055052
b1290,GO:0005515
b1290,GO:0005524
b1290,GO:0015489
b1290,GO:0016887
b1291,GO:0006813
b1291,GO:0015833
b1291,GO:0015847
b1291,GO:0071805
b1291,GO:0005886
b1291,GO:0016020
b1291,GO:0043190
b1291,GO:0055052
b1291,GO:0005524
b1291,GO:0015489
b1291,GO:0016887
b1292,GO:0015833
b1292,GO:0015847
b1292,GO:0055085
b1292,GO:0005886
b1292,GO:0016020
b1292,GO:0043190
b1292,GO:0055052
b1292,GO:0015489
b1293,GO:0015833
b1293,GO:0015847
b1293,GO:0035442
b1293,GO:0055085
b1293,GO:0005886
b1293,GO:0016020
b1293,GO:0043190
b1293,GO:0055052
b1293,GO:0015489
b1293,GO:0071916
b1294,GO:0015833
b1294,GO:0055085
b1294,GO:0016020
b1294,GO:0030288
b1294,GO:0042597
b1294,GO:0043190
b1294,GO:0055052
b1294,GO:1904680
b1295,GO:0005829
b1296,GO:0006865
b1296,GO:0006974
b1296,GO:0009447
b1296,GO:0015847
b1296,GO:0055085
b1296,GO:1902600
b1296,GO:0005886
b1296,GO:0016020
b1296,GO:0015293
b1296,GO:0015295
b1296,GO:0015489
b1297,GO:0006542
b1297,GO:0006598
b1297,GO:0009447
b1297,GO:0004356
b1297,GO:0005524
b1297,GO:0016874
b1297,GO:0016879
b1297,GO:0034024
b1298,GO:0006598
b1298,GO:0009447
b1298,GO:0016787
b1298,GO:0016811
b1298,GO:0033969
b1299,GO:0006351
b1299,GO:0006355
b1299,GO:0009447
b1299,GO:0003677
b1299,GO:0003700
b1300,GO:0009447
b1300,GO:0004029
b1300,GO:0004030
b1300,GO:0016491
b1300,GO:0016620
b1300,GO:0033721
b1301,GO:0009447
b1301,GO:0005737
b1301,GO:0016491
b1302,GO:0009447
b1302,GO:0009448
b1302,GO:0009450
b1302,GO:0005829
b1302,GO:0008483
b1302,GO:0030170
b1302,GO:0034386
b1303,GO:0000160
b1303,GO:0006355
b1303,GO:0045892
b1303,GO:0045893
b1303,GO:0080135
b1303,GO:0005667
b1303,GO:0005737
b1303,GO:0003677
b1303,GO:0005515
b1303,GO:0005524
b1303,GO:0016887
b1303,GO:0042802
b1303,GO:0043565
b1304,GO:0006355
b1304,GO:0009271
b1304,GO:0009408
b1304,GO:0080135
b1304,GO:0005667
b1304,GO:0005737
b1304,GO:0005829
b1304,GO:0005886
b1304,GO:0009898
b1304,GO:0060187
b1304,GO:0005515
b1304,GO:0005543
b1304,GO:0042802
b1305,GO:0006355
b1305,GO:0009271
b1305,GO:0080135
b1305,GO:0005886
b1305,GO:0005515
b1306,GO:0010557
b1306,GO:0080135
b1306,GO:0005886
b1306,GO:0005515
b1307,GO:0009271
b1307,GO:0005737
b1307,GO:0005886
b1308,GO:0030288
b1308,GO:0042597
b1308,GO:0004792
b1308,GO:0016740
b1309,GO:0005975
b1309,GO:0016757
b1309,GO:0110068
b1310,GO:0055085
b1310,GO:0005886
b1310,GO:0016020
b1310,GO:0030288
b1310,GO:0042597
b1310,GO:0055052
b1311,GO:0055085
b1311,GO:0005886
b1311,GO:0016020
b1311,GO:0055052
b1312,GO:0055085
b1312,GO:0005886
b1312,GO:0016020
b1312,GO:0055052
b1313,GO:0008270
b1313,GO:0016491
b1313,GO:0016616
b1313,GO:0046872
b1314,GO:0005829
b1314,GO:0016853
b1314,GO:0016857
b1314,GO:0030145
b1314,GO:0042802
b1314,GO:0046872
b1315,GO:0000166
b1315,GO:0016491
b1315,GO:0016616
b1316,GO:0005975
b1316,GO:0003824
b1316,GO:0004553
b1316,GO:0016740
b1316,GO:0016798
b1316,GO:0030246
b1316,GO:0033831
b1317,GO:0005975
b1317,GO:0006974
b1317,GO:0009294
b1317,GO:0046677
b1317,GO:0005737
b1317,GO:0000287
b1317,GO:0008801
b1317,GO:0016853
b1317,GO:0046872
b1319,GO:0006811
b1319,GO:0015768
b1319,GO:0015772
b1319,GO:0034219
b1319,GO:0009279
b1319,GO:0046930
b1319,GO:0015288
b1319,GO:0015478
b1319,GO:0015481
b1320,GO:0006351
b1320,GO:0006355
b1320,GO:0006974
b1320,GO:0045892
b1320,GO:0000976
b1320,GO:0003677
b1320,GO:0003700
b1321,GO:0003924
b1321,GO:0005525
b1321,GO:0016787
b1321,GO:0016887
b1321,GO:0019003
b1322,GO:0005886
b1323,GO:0006355
b1323,GO:0009056
b1323,GO:0045892
b1323,GO:0005737
b1323,GO:0005829
b1323,GO:0003677
b1323,GO:0005515
b1323,GO:0005524
b1323,GO:0016887
b1324,GO:0034599
b1324,GO:0098869
b1324,GO:0005737
b1324,GO:0005829
b1324,GO:0042597
b1324,GO:0004601
b1324,GO:0005515
b1324,GO:0008379
b1324,GO:0032843
b1324,GO:0140824
b1325,GO:0009063
b1325,GO:0009254
b1325,GO:0071555
b1325,GO:0016853
b1325,GO:0016854
b1325,GO:0016855
b1325,GO:0046872
b1325,GO:0103031
b1326,GO:0006508
b1326,GO:0009050
b1326,GO:0009253
b1326,GO:0016998
b1326,GO:0071555
b1326,GO:0005737
b1326,GO:0004040
b1326,GO:0004180
b1326,GO:0004181
b1326,GO:0008237
b1326,GO:0008270
b1326,GO:0042803
b1326,GO:0046872
b1326,GO:0061473
b1327,GO:0051301
b1327,GO:0005515
b1327,GO:0016787
b1328,GO:0006351
b1328,GO:0006355
b1328,GO:0045892
b1328,GO:0071978
b1328,GO:0003677
b1328,GO:0003700
b1328,GO:0043565
b1329,GO:0015031
b1329,GO:0015833
b1329,GO:0015834
b1329,GO:0035351
b1329,GO:0042938
b1329,GO:0042939
b1329,GO:0055085
b1329,GO:0140207
b1329,GO:0016020
b1329,GO:0030288
b1329,GO:0042597
b1329,GO:0043190
b1329,GO:0055052
b1329,GO:1900750
b1329,GO:1904680
b1330,GO:0034220
b1330,GO:0055085
b1330,GO:0071470
b1330,GO:0005886
b1330,GO:0016020
b1330,GO:0008381
b1330,GO:0042802
b1332,GO:0005886
b1333,GO:0006950
b1333,GO:0034644
b1333,GO:0044010
b1333,GO:0070301
b1333,GO:0071973
b1333,GO:0005737
b1333,GO:0036094
b1334,GO:0006355
b1334,GO:0009061
b1334,GO:0045893
b1334,GO:0071731
b1334,GO:0005737
b1334,GO:0005829
b1334,GO:0032993
b1334,GO:0000976
b1334,GO:0001216
b1334,GO:0003677
b1334,GO:0003700
b1334,GO:0046872
b1334,GO:0051536
b1334,GO:0051539
b1335,GO:0006259
b1335,GO:0006281
b1335,GO:0006307
b1335,GO:0032259
b1335,GO:0005737
b1335,GO:0003908
b1335,GO:0008168
b1336,GO:0006865
b1336,GO:0015814
b1336,GO:1902604
b1336,GO:0005886
b1336,GO:0015291
b1336,GO:0015293
b1336,GO:0015558
b1337,GO:0046657
b1337,GO:0005737
b1337,GO:1902494
b1337,GO:0005515
b1337,GO:0016787
b1337,GO:0016805
b1337,GO:0046982
b1337,GO:0071713
b1338,GO:0046657
b1338,GO:0005737
b1338,GO:1902494
b1338,GO:0005515
b1338,GO:0016787
b1338,GO:0016805
b1338,GO:0016810
b1338,GO:0046982
b1338,GO:0071713
b1339,GO:0006351
b1339,GO:0006355
b1339,GO:0000976
b1339,GO:0003677
b1339,GO:0003700
b1340,GO:0006259
b1340,GO:0003677
b1340,GO:0004519
b1340,GO:0004520
b1341,GO:0043709
b1341,GO:1900233
b1341,GO:1902201
b1341,GO:0005886
b1341,GO:0005515
b1341,GO:0005525
b1341,GO:0016740
b1341,GO:0042802
b1341,GO:0046872
b1341,GO:0052621
b1342,GO:0006811
b1342,GO:0006824
b1342,GO:0071577
b1342,GO:0071578
b1342,GO:1902600
b1342,GO:1903830
b1342,GO:0005886
b1342,GO:0000287
b1342,GO:0005385
b1342,GO:0005515
b1342,GO:0015087
b1342,GO:0015095
b1342,GO:0015295
b1342,GO:0022883
b1342,GO:0050897
b1343,GO:0000027
b1343,GO:0042254
b1343,GO:0005737
b1343,GO:0005829
b1343,GO:0003676
b1343,GO:0003723
b1343,GO:0003724
b1343,GO:0004386
b1343,GO:0005524
b1343,GO:0016787
b1343,GO:0016887
b1343,GO:0019843
b1343,GO:0033677
b1343,GO:0034458
b1343,GO:0043531
b1344,GO:0006400
b1344,GO:0008033
b1344,GO:0034227
b1344,GO:0005737
b1344,GO:0005829
b1344,GO:0000049
b1344,GO:0000287
b1344,GO:0005524
b1344,GO:0016740
b1344,GO:0016783
b1344,GO:0042803
b1344,GO:0046872
b1344,GO:0051539
b1345,GO:0006310
b1345,GO:0015074
b1345,GO:0044826
b1345,GO:0046718
b1345,GO:0075713
b1345,GO:0003677
b1347,GO:0006259
b1347,GO:0046677
b1347,GO:0005515
b1348,GO:0009307
b1348,GO:0046677
b1348,GO:0004519
b1348,GO:1990238
b1349,GO:0006259
b1349,GO:0006310
b1349,GO:0032508
b1349,GO:0032993
b1349,GO:0003677
b1349,GO:0003697
b1349,GO:0005515
b1350,GO:0006259
b1350,GO:0004527
b1350,GO:0042802
b1350,GO:0051908
b1352,GO:0046677
b1352,GO:0051301
b1352,GO:0051782
b1353,GO:0005886
b1356,GO:2000143
b1356,GO:0001217
b1356,GO:0003677
b1357,GO:0003677
b1358,GO:0043093
b1360,GO:0006260
b1360,GO:0005524
b1363,GO:0006813
b1363,GO:0030001
b1363,GO:0034220
b1363,GO:0071805
b1363,GO:0005886
b1363,GO:0016020
b1363,GO:0005267
b1363,GO:0015079
b1363,GO:0015379
b1363,GO:0030955
b1363,GO:0046872
b1370,GO:0006310
b1370,GO:0006313
b1370,GO:0032196
b1370,GO:0045893
b1370,GO:0005829
b1370,GO:0003677
b1370,GO:0004803
b1372,GO:0005198
b1374,GO:0006310
b1374,GO:0015074
b1374,GO:0000150
b1374,GO:0003677
b1374,GO:0005515
b1374,GO:0016787
b1374,GO:0016874
b1375,GO:0009409
b1376,GO:0007155
b1376,GO:1902021
b1376,GO:0005515
b1376,GO:0005524
b1377,GO:0006811
b1377,GO:0034219
b1377,GO:0034220
b1377,GO:0009279
b1377,GO:0016020
b1377,GO:0046930
b1377,GO:0015288
b1378,GO:0006979
b1378,GO:0022900
b1378,GO:0005506
b1378,GO:0016491
b1378,GO:0016903
b1378,GO:0043873
b1378,GO:0046872
b1378,GO:0051539
b1379,GO:0009408
b1379,GO:0016020
b1380,GO:0009408
b1380,GO:0019664
b1380,GO:0051289
b1380,GO:0005829
b1380,GO:0008720
b1380,GO:0016491
b1380,GO:0016616
b1380,GO:0042802
b1380,GO:0051287
b1380,GO:0070404
b1381,GO:0005886
b1384,GO:0006355
b1384,GO:0045893
b1384,GO:0000987
b1384,GO:0003677
b1384,GO:0003700
b1384,GO:0043565
b1385,GO:0006559
b1385,GO:0009435
b1385,GO:0019607
b1385,GO:0046196
b1385,GO:0032991
b1385,GO:0004030
b1385,GO:0008957
b1385,GO:0016491
b1385,GO:0016620
b1385,GO:0047106
b1386,GO:0006559
b1386,GO:0009308
b1386,GO:0019607
b1386,GO:0042597
b1386,GO:0005507
b1386,GO:0005509
b1386,GO:0008131
b1386,GO:0016491
b1386,GO:0046872
b1386,GO:0048038
b1386,GO:0052595
b1387,GO:0010124
b1387,GO:0004300
b1387,GO:0016491
b1387,GO:0016620
b1387,GO:0016726
b1387,GO:0016787
b1387,GO:0016803
b1387,GO:0016823
b1387,GO:0016829
b1387,GO:0042802
b1388,GO:0010124
b1388,GO:0005829
b1388,GO:0062077
b1388,GO:0005515
b1388,GO:0016491
b1388,GO:0097266
b1389,GO:0010124
b1389,GO:0005829
b1389,GO:0062077
b1389,GO:0005515
b1390,GO:0010124
b1390,GO:0005829
b1390,GO:0062077
b1390,GO:0005515
b1391,GO:0010124
b1392,GO:0010124
b1392,GO:0005829
b1392,GO:0062077
b1392,GO:0016491
b1392,GO:0046872
b1392,GO:0050660
b1392,GO:0051537
b1393,GO:0006631
b1393,GO:0006635
b1393,GO:0010124
b1393,GO:1902494
b1393,GO:0003824
b1393,GO:0004300
b1393,GO:0005515
b1393,GO:0016829
b1393,GO:0042802
b1394,GO:0006635
b1394,GO:0010124
b1394,GO:1902494
b1394,GO:0005515
b1394,GO:0016829
b1394,GO:0016853
b1394,GO:0042802
b1395,GO:0006631
b1395,GO:0006635
b1395,GO:0009056
b1395,GO:0010124
b1395,GO:0003857
b1395,GO:0008691
b1395,GO:0016491
b1395,GO:0070403
b1396,GO:0010124
b1396,GO:0016289
b1396,GO:0016787
b1396,GO:0016790
b1397,GO:0006635
b1397,GO:0006974
b1397,GO:0010124
b1397,GO:0019619
b1397,GO:0044281
b1397,GO:0003988
b1397,GO:0016740
b1397,GO:0016746
b1397,GO:0016747
b1397,GO:0033812
b1398,GO:0010124
b1398,GO:0005524
b1398,GO:0016405
b1398,GO:0016874
b1398,GO:0016877
b1398,GO:0047475
b1399,GO:0006351
b1399,GO:0010124
b1399,GO:2000143
b1399,GO:0000976
b1399,GO:0003677
b1399,GO:0005515
b1400,GO:0010124
b1400,GO:0016289
b1400,GO:0016740
b1404,GO:0006310
b1404,GO:0006313
b1404,GO:0015074
b1404,GO:0032196
b1404,GO:0003677
b1404,GO:0004803
b1406,GO:0009443
b1406,GO:0005737
b1406,GO:0005829
b1406,GO:0004033
b1406,GO:0016491
b1406,GO:0050236
b1407,GO:0051595
b1408,GO:0008654
b1408,GO:0005886
b1408,GO:0016020
b1408,GO:0016780
b1409,GO:0009273
b1409,GO:0005886
b1409,GO:0016020
b1409,GO:0016740
b1409,GO:0016772
b1410,GO:0016020
b1410,GO:0005515
b1410,GO:0016298
b1411,GO:0006470
b1411,GO:0005886
b1411,GO:0004721
b1411,GO:0005515
b1412,GO:0006979
b1412,GO:0005829
b1412,GO:0009055
b1412,GO:0010181
b1412,GO:0016491
b1412,GO:0016652
b1412,GO:0016655
b1412,GO:0042803
b1412,GO:0050446
b1413,GO:0009451
b1413,GO:0003676
b1413,GO:0003723
b1413,GO:0003724
b1413,GO:0004386
b1413,GO:0005524
b1413,GO:0016787
b1413,GO:0016887
b1413,GO:0034458
b1414,GO:0005886
b1415,GO:0009450
b1415,GO:0019301
b1415,GO:0019317
b1415,GO:0042355
b1415,GO:0005829
b1415,GO:0032991
b1415,GO:0004777
b1415,GO:0008911
b1415,GO:0016491
b1415,GO:0016620
b1415,GO:0042802
b1415,GO:0050569
b1418,GO:0019430
b1418,GO:0022904
b1418,GO:0005886
b1418,GO:0016020
b1418,GO:0009055
b1418,GO:0016491
b1418,GO:0020037
b1418,GO:0046872
b1421,GO:0006935
b1421,GO:0007165
b1421,GO:0005886
b1421,GO:0016020
b1421,GO:0098561
b1421,GO:0004888
b1421,GO:0005515
b1421,GO:0042803
b1422,GO:0006355
b1422,GO:0045892
b1422,GO:0005829
b1422,GO:0003677
b1422,GO:0003700
b1422,GO:0043565
b1423,GO:0016491
b1423,GO:0046872
b1423,GO:0051213
b1427,GO:0036211
b1427,GO:0005737
b1427,GO:0004596
b1427,GO:0008080
b1427,GO:0008999
b1427,GO:0016746
b1427,GO:0016747
b1427,GO:1990189
b1428,GO:0016746
b1428,GO:0016779
b1429,GO:0006812
b1429,GO:0034220
b1429,GO:0046677
b1429,GO:0046690
b1429,GO:0055085
b1429,GO:0098655
b1429,GO:0005886
b1429,GO:0016020
b1429,GO:0042802
b1429,GO:0046583
b1430,GO:0009636
b1430,GO:0032259
b1430,GO:0046677
b1430,GO:0046690
b1430,GO:0005737
b1430,GO:0005829
b1430,GO:0008168
b1430,GO:0008757
b1431,GO:0005886
b1432,GO:0006310
b1432,GO:0032196
b1432,GO:0003677
b1432,GO:0004519
b1432,GO:0046872
b1433,GO:0042919
b1433,GO:0005886
b1433,GO:0016020
b1433,GO:0042925
b1434,GO:0006355
b1434,GO:0045892
b1434,GO:0045893
b1434,GO:0003677
b1434,GO:0003700
b1434,GO:0043565
b1435,GO:0000154
b1435,GO:0006364
b1435,GO:0005515
b1438,GO:0006355
b1438,GO:0006950
b1438,GO:0040008
b1438,GO:0110001
b1438,GO:0003677
b1438,GO:0005515
b1438,GO:0042802
b1439,GO:0006355
b1439,GO:0009058
b1439,GO:1901605
b1439,GO:0003677
b1439,GO:0003700
b1439,GO:0008483
b1439,GO:0030170
b1440,GO:0009290
b1440,GO:0015846
b1440,GO:0042619
b1440,GO:0055085
b1440,GO:0016020
b1440,GO:0030288
b1440,GO:0042597
b1440,GO:0055052
b1440,GO:0016746
b1440,GO:0019808
b1441,GO:0055085
b1441,GO:0005886
b1441,GO:0016020
b1441,GO:0032991
b1441,GO:0043190
b1441,GO:0055052
b1441,GO:0005524
b1441,GO:0016887
b1441,GO:0022857
b1442,GO:0055085
b1442,GO:0005886
b1442,GO:0016020
b1442,GO:0055052
b1443,GO:0009290
b1443,GO:0055085
b1443,GO:0005886
b1443,GO:0016020
b1443,GO:0055052
b1444,GO:0009447
b1444,GO:0019477
b1444,GO:0051289
b1444,GO:0005829
b1444,GO:0032991
b1444,GO:0004029
b1444,GO:0004030
b1444,GO:0016491
b1444,GO:0019145
b1444,GO:0042802
b1444,GO:0051287
b1445,GO:0001896
b1445,GO:0005886
b1446,GO:0005829
b1446,GO:0005515
b1447,GO:0071978
b1447,GO:0098659
b1447,GO:0005886
b1447,GO:0005515
b1448,GO:0016746
b1448,GO:0016747
b1448,GO:0103045
b1449,GO:0016491
b1449,GO:0016628
b1450,GO:0006355
b1450,GO:0045892
b1450,GO:0003677
b1450,GO:0003700
b1450,GO:0005515
b1451,GO:0044718
b1451,GO:0009279
b1451,GO:0015344
b1452,GO:0030288
b1452,GO:0003677
b1453,GO:0006865
b1453,GO:0055085
b1453,GO:0005886
b1453,GO:0016020
b1454,GO:0042542
b1454,GO:0005737
b1454,GO:0004364
b1454,GO:0016740
b1460,GO:0006313
b1460,GO:0003677
b1460,GO:0004803
b1461,GO:0005737
b1461,GO:0016853
b1461,GO:0016862
b1461,GO:0042803
b1462,GO:0010181
b1462,GO:0016646
b1463,GO:0005737
b1463,GO:0004060
b1463,GO:0016407
b1463,GO:0016746
b1463,GO:0042803
b1463,GO:0046990
b1464,GO:0009058
b1464,GO:0005737
b1464,GO:0003824
b1464,GO:0016853
b1464,GO:0042803
b1465,GO:0009061
b1465,GO:0019645
b1465,GO:0042126
b1465,GO:0042128
b1465,GO:0005886
b1465,GO:0009325
b1465,GO:0016020
b1465,GO:0008940
b1465,GO:0009055
b1465,GO:0016491
b1465,GO:0020037
b1465,GO:0046872
b1465,GO:0160182
b1466,GO:0042128
b1466,GO:0051131
b1466,GO:0005737
b1466,GO:0005515
b1466,GO:0016530
b1466,GO:0051082
b1467,GO:0006974
b1467,GO:0009061
b1467,GO:0019645
b1467,GO:0042126
b1467,GO:0042128
b1467,GO:0005886
b1467,GO:0009325
b1467,GO:0016020
b1467,GO:0005515
b1467,GO:0008940
b1467,GO:0009055
b1467,GO:0016491
b1467,GO:0046872
b1467,GO:0051536
b1467,GO:0051538
b1467,GO:0051539
b1467,GO:0160182
b1468,GO:0009061
b1468,GO:0019645
b1468,GO:0042126
b1468,GO:0042128
b1468,GO:0045333
b1468,GO:0005886
b1468,GO:0009325
b1468,GO:0016020
b1468,GO:1990204
b1468,GO:0005515
b1468,GO:0008940
b1468,GO:0016491
b1468,GO:0043546
b1468,GO:0046872
b1468,GO:0051539
b1468,GO:0160182
b1469,GO:0015706
b1469,GO:0015707
b1469,GO:0042128
b1469,GO:0005886
b1469,GO:0016020
b1469,GO:0015112
b1469,GO:0015113
b1469,GO:0015514
b1473,GO:0006865
b1473,GO:0015801
b1473,GO:0032973
b1473,GO:0005886
b1473,GO:0016020
b1473,GO:0015171
b1473,GO:0015173
b1474,GO:0006788
b1474,GO:0009061
b1474,GO:0015944
b1474,GO:0019645
b1474,GO:0045333
b1474,GO:0009326
b1474,GO:0016020
b1474,GO:0030288
b1474,GO:0042597
b1474,GO:0005515
b1474,GO:0008430
b1474,GO:0008863
b1474,GO:0009055
b1474,GO:0016491
b1474,GO:0030151
b1474,GO:0036397
b1474,GO:0043546
b1474,GO:0046872
b1474,GO:0047111
b1474,GO:0051539
b1475,GO:0006788
b1475,GO:0009061
b1475,GO:0015944
b1475,GO:0019645
b1475,GO:0045333
b1475,GO:0005886
b1475,GO:0009326
b1475,GO:0016020
b1475,GO:0009055
b1475,GO:0036397
b1475,GO:0046872
b1475,GO:0051539
b1476,GO:0006788
b1476,GO:0009061
b1476,GO:0015944
b1476,GO:0019645
b1476,GO:0022904
b1476,GO:0045333
b1476,GO:0005886
b1476,GO:0009326
b1476,GO:0016020
b1476,GO:0005515
b1476,GO:0008863
b1476,GO:0009055
b1476,GO:0020037
b1476,GO:0036397
b1476,GO:0046872
b1477,GO:0006355
b1477,GO:0003677
b1478,GO:0006974
b1478,GO:0045471
b1478,GO:0046187
b1478,GO:0004022
b1478,GO:0008270
b1478,GO:0016491
b1478,GO:0016616
b1478,GO:0046872
b1478,GO:0047639
b1479,GO:0006090
b1479,GO:0006094
b1479,GO:0006108
b1479,GO:0005829
b1479,GO:0004470
b1479,GO:0004471
b1479,GO:0008948
b1479,GO:0016491
b1479,GO:0042802
b1479,GO:0046872
b1479,GO:0051287
b1480,GO:0006412
b1480,GO:0005737
b1480,GO:0005829
b1480,GO:0043024
b1481,GO:1902210
b1482,GO:0006972
b1482,GO:0006979
b1482,GO:0033194
b1482,GO:0098869
b1482,GO:0005737
b1482,GO:0005829
b1482,GO:0004601
b1482,GO:0042803
b1482,GO:0051920
b1483,GO:0015031
b1483,GO:0015833
b1483,GO:0042938
b1483,GO:0005886
b1483,GO:0016020
b1483,GO:0043190
b1483,GO:0055052
b1483,GO:0005524
b1483,GO:0016887
b1484,GO:0015031
b1484,GO:0015833
b1484,GO:0042938
b1484,GO:0005886
b1484,GO:0016020
b1484,GO:0043190
b1484,GO:0055052
b1484,GO:0005524
b1484,GO:0016887
b1485,GO:0015031
b1485,GO:0015833
b1485,GO:0035442
b1485,GO:0042938
b1485,GO:0055085
b1485,GO:0005886
b1485,GO:0016020
b1485,GO:0043190
b1485,GO:0055052
b1485,GO:0071916
b1486,GO:0015031
b1486,GO:0015833
b1486,GO:0035442
b1486,GO:0042938
b1486,GO:0055085
b1486,GO:0005886
b1486,GO:0016020
b1486,GO:0043190
b1486,GO:0055052
b1486,GO:0071916
b1487,GO:0015031
b1487,GO:0015833
b1487,GO:0042938
b1487,GO:0055085
b1487,GO:0016020
b1487,GO:0030288
b1487,GO:0042597
b1487,GO:0043190
b1487,GO:0055052
b1487,GO:1904680
b1488,GO:0006508
b1488,GO:0042594
b1488,GO:0071555
b1488,GO:0005737
b1488,GO:0008237
b1488,GO:0008270
b1488,GO:0009046
b1488,GO:0016805
b1488,GO:0046872
b1489,GO:0070482
b1489,GO:0000287
b1489,GO:0005515
b1489,GO:0016787
b1489,GO:0019826
b1489,GO:0020037
b1489,GO:0042803
b1489,GO:0046872
b1489,GO:0071111
b1490,GO:0006950
b1490,GO:0043709
b1490,GO:0070482
b1490,GO:1902201
b1490,GO:0005886
b1490,GO:0005515
b1490,GO:0005525
b1490,GO:0016740
b1490,GO:0019825
b1490,GO:0020037
b1490,GO:0042803
b1490,GO:0046872
b1490,GO:0052621
b1490,GO:0070025
b1491,GO:0071555
b1491,GO:0009279
b1491,GO:0016798
b1492,GO:0006865
b1492,GO:0051454
b1492,GO:0055085
b1492,GO:0005886
b1492,GO:0016020
b1492,GO:0015297
b1492,GO:0022857
b1493,GO:0006536
b1493,GO:0006538
b1493,GO:0051454
b1493,GO:0005737
b1493,GO:0005829
b1493,GO:0016020
b1493,GO:0004351
b1493,GO:0005515
b1493,GO:0016831
b1493,GO:0030170
b1494,GO:0006508
b1494,GO:0005829
b1494,GO:0030288
b1494,GO:0004222
b1494,GO:0008233
b1494,GO:0008237
b1494,GO:0008270
b1494,GO:0046872
b1495,GO:1901678
b1495,GO:0009279
b1496,GO:0055085
b1496,GO:0005886
b1496,GO:0016020
b1496,GO:0005524
b1496,GO:0016887
b1496,GO:0140359
b1497,GO:0006974
b1497,GO:0051604
b1497,GO:0016491
b1497,GO:0046872
b1497,GO:0051539
b1498,GO:0030288
b1498,GO:0004065
b1498,GO:0016787
b1498,GO:0046872
b1499,GO:0006351
b1499,GO:0006355
b1499,GO:0045893
b1499,GO:0003677
b1499,GO:0003700
b1499,GO:0043565
b1500,GO:0010447
b1500,GO:0005886
b1500,GO:0005515
b1501,GO:0010447
b1501,GO:0016020
b1501,GO:0008863
b1501,GO:0016491
b1501,GO:0030151
b1501,GO:0046872
b1501,GO:0051539
b1502,GO:0007155
b1502,GO:0043709
b1502,GO:0009289
b1503,GO:0007155
b1503,GO:0043709
b1503,GO:0009289
b1504,GO:0007155
b1504,GO:0043709
b1504,GO:0009289
b1507,GO:0006338
b1507,GO:0006355
b1507,GO:0016310
b1507,GO:0022611
b1507,GO:0040008
b1507,GO:0044010
b1507,GO:0045892
b1507,GO:0046677
b1507,GO:0005829
b1507,GO:0032993
b1507,GO:0110001
b1507,GO:0000287
b1507,GO:0000976
b1507,GO:0001217
b1507,GO:0003677
b1507,GO:0004674
b1507,GO:0005515
b1507,GO:0005524
b1507,GO:0043565
b1507,GO:0044024
b1507,GO:0106310
b1508,GO:0006351
b1508,GO:0006355
b1508,GO:0040008
b1508,GO:0045892
b1508,GO:0032993
b1508,GO:0110001
b1508,GO:0000976
b1508,GO:0001046
b1508,GO:0001217
b1508,GO:0003677
b1508,GO:0005515
b1508,GO:0042803
b1508,GO:0043565
b1511,GO:0005975
b1511,GO:0009372
b1511,GO:0016310
b1511,GO:0044010
b1511,GO:0005737
b1511,GO:0005515
b1511,GO:0016301
b1511,GO:0071518
b1512,GO:0006351
b1512,GO:0009408
b1512,GO:2000142
b1512,GO:0005737
b1512,GO:0005829
b1512,GO:0000987
b1512,GO:0003677
b1512,GO:0030246
b1512,GO:0042802
b1513,GO:0009372
b1513,GO:1905887
b1513,GO:0005886
b1513,GO:0016020
b1513,GO:0055052
b1513,GO:0005524
b1513,GO:0016887
b1514,GO:0009372
b1514,GO:0055085
b1514,GO:1905887
b1514,GO:0005886
b1514,GO:0016020
b1514,GO:0055052
b1514,GO:0022857
b1515,GO:0009372
b1515,GO:0055085
b1515,GO:1905887
b1515,GO:0005886
b1515,GO:0016020
b1515,GO:0055052
b1515,GO:0022857
b1516,GO:0009372
b1516,GO:1905887
b1516,GO:0016020
b1516,GO:0030288
b1516,GO:0042597
b1516,GO:0043190
b1516,GO:0055052
b1517,GO:0005737
b1517,GO:0003824
b1517,GO:0004332
b1517,GO:0016740
b1517,GO:0016747
b1518,GO:0009372
b1518,GO:0005737
b1518,GO:0005829
b1518,GO:0002952
b1518,GO:0016491
b1518,GO:0016853
b1518,GO:0016861
b1519,GO:0032259
b1519,GO:0005737
b1519,GO:0005829
b1519,GO:0008168
b1519,GO:0030798
b1520,GO:0006811
b1520,GO:0071978
b1520,GO:1902476
b1520,GO:0005886
b1520,GO:0005254
b1521,GO:0019592
b1521,GO:0019698
b1521,GO:0005829
b1521,GO:0008926
b1521,GO:0009026
b1521,GO:0016491
b1521,GO:0016616
b1522,GO:0043709
b1522,GO:1902021
b1522,GO:1902201
b1522,GO:0005886
b1522,GO:0005525
b1522,GO:0016740
b1522,GO:0046872
b1522,GO:0052621
b1525,GO:0006527
b1525,GO:0009447
b1525,GO:0009450
b1525,GO:0070458
b1525,GO:0004030
b1525,GO:0004777
b1525,GO:0009013
b1525,GO:0016491
b1525,GO:0036243
b1525,GO:0042803
b1526,GO:0006355
b1526,GO:0000976
b1526,GO:0003677
b1526,GO:0003700
b1529,GO:0005886
b1529,GO:0016020
b1530,GO:0006355
b1530,GO:0006950
b1530,GO:0009408
b1530,GO:0045892
b1530,GO:0046677
b1530,GO:0071236
b1530,GO:0003677
b1530,GO:0003700
b1531,GO:0006355
b1531,GO:0045892
b1531,GO:0045893
b1531,GO:0046677
b1531,GO:0003677
b1531,GO:0003700
b1531,GO:0043565
b1532,GO:0046677
b1532,GO:0030288
b1533,GO:0006865
b1533,GO:0033228
b1533,GO:0070301
b1533,GO:0005886
b1533,GO:0016020
b1533,GO:0015562
b1534,GO:0015031
b1534,GO:0015833
b1534,GO:0035442
b1534,GO:0055085
b1534,GO:0005886
b1534,GO:0022857
b1534,GO:0071916
b1535,GO:0043709
b1535,GO:1900233
b1535,GO:1902201
b1535,GO:1902209
b1535,GO:0005886
b1535,GO:0060187
b1535,GO:0005515
b1535,GO:0005525
b1535,GO:0008270
b1535,GO:0016740
b1535,GO:0042802
b1535,GO:0042803
b1535,GO:0046872
b1535,GO:0052621
b1536,GO:0044011
b1536,GO:0070301
b1538,GO:0006508
b1538,GO:0005737
b1538,GO:0005829
b1538,GO:0030288
b1538,GO:0004180
b1538,GO:0004222
b1538,GO:0008237
b1538,GO:0046872
b1539,GO:0006212
b1539,GO:0051289
b1539,GO:0005829
b1539,GO:0032991
b1539,GO:0008442
b1539,GO:0016491
b1539,GO:0031132
b1539,GO:0035527
b1539,GO:0042802
b1540,GO:0006355
b1540,GO:0003677
b1540,GO:0003700
b1541,GO:0005829
b1542,GO:0019594
b1542,GO:0016491
b1542,GO:0016616
b1544,GO:0009409
b1545,GO:0006310
b1545,GO:0015074
b1545,GO:0000150
b1545,GO:0003677
b1545,GO:0016787
b1545,GO:0016874
b1547,GO:0005198
b1550,GO:0006636
b1550,GO:0005829
b1552,GO:0009409
b1552,GO:0010468
b1552,GO:0005737
b1552,GO:0005829
b1552,GO:0003676
b1552,GO:0003677
b1554,GO:0009253
b1554,GO:0016998
b1554,GO:0031640
b1554,GO:0042742
b1554,GO:0003796
b1554,GO:0016798
b1555,GO:0005515
b1556,GO:0001907
b1556,GO:0031640
b1556,GO:0005886
b1556,GO:0140911
b1557,GO:0009409
b1557,GO:0010468
b1557,GO:0005737
b1557,GO:0005829
b1557,GO:0003676
b1557,GO:0003677
b1557,GO:0003697
b1557,GO:0003723
b1557,GO:0098847
b1558,GO:0010468
b1558,GO:0005737
b1558,GO:0005829
b1558,GO:0003676
b1558,GO:0003677
b1562,GO:0005886
b1562,GO:0016020
b1563,GO:0006355
b1563,GO:0006402
b1563,GO:0017148
b1563,GO:0034198
b1563,GO:0040008
b1563,GO:0044010
b1563,GO:0045892
b1563,GO:0046677
b1563,GO:0032993
b1563,GO:0110001
b1563,GO:0000976
b1563,GO:0001217
b1563,GO:0004519
b1563,GO:0004521
b1563,GO:0005515
b1563,GO:0019843
b1563,GO:0043022
b1563,GO:0097351
b1564,GO:0006351
b1564,GO:0006355
b1564,GO:0040008
b1564,GO:0044010
b1564,GO:0045892
b1564,GO:0032993
b1564,GO:0110001
b1564,GO:0000976
b1564,GO:0001217
b1564,GO:0003677
b1564,GO:0005515
b1564,GO:0043565
b1564,GO:0097351
b1566,GO:0005515
b1569,GO:0006355
b1569,GO:0051301
b1569,GO:0003677
b1570,GO:0006351
b1570,GO:0051301
b1570,GO:0003677
b1572,GO:0005737
b1575,GO:0051301
b1575,GO:0051302
b1575,GO:0051782
b1575,GO:0005515
b1576,GO:0044659
b1580,GO:0008270
b1580,GO:0016491
b1580,GO:0016616
b1580,GO:0046872
b1581,GO:0009063
b1581,GO:0016052
b1581,GO:0000287
b1581,GO:0008927
b1582,GO:0005886
b1582,GO:0016020
b1583,GO:0009279
b1583,GO:0005515
b1584,GO:0006598
b1584,GO:0015936
b1584,GO:0046203
b1584,GO:0046208
b1584,GO:0005737
b1584,GO:0032991
b1584,GO:1990235
b1584,GO:0000287
b1584,GO:0004145
b1584,GO:0016746
b1584,GO:0016747
b1584,GO:0042802
b1584,GO:0046872
b1585,GO:0005886
b1587,GO:0009061
b1587,GO:0005886
b1587,GO:0030288
b1587,GO:0005515
b1587,GO:0009055
b1587,GO:0009389
b1587,GO:0016491
b1587,GO:0030151
b1587,GO:0033797
b1587,GO:0043546
b1587,GO:0046872
b1587,GO:0051539
b1588,GO:0009061
b1588,GO:0005886
b1588,GO:0030288
b1588,GO:1990204
b1588,GO:0005515
b1588,GO:0009055
b1588,GO:0009389
b1588,GO:0016491
b1588,GO:0030151
b1588,GO:0033797
b1588,GO:0043546
b1588,GO:0046872
b1588,GO:0051539
b1589,GO:0009061
b1589,GO:1990204
b1589,GO:0046872
b1589,GO:0051539
b1590,GO:0009061
b1590,GO:0019645
b1590,GO:0005886
b1590,GO:0009390
b1590,GO:0016020
b1590,GO:1990204
b1590,GO:0009389
b1590,GO:0016491
b1591,GO:0051604
b1591,GO:0061077
b1591,GO:0005737
b1591,GO:0005886
b1591,GO:0005048
b1591,GO:0005515
b1592,GO:0006821
b1592,GO:0010447
b1592,GO:0034220
b1592,GO:0055085
b1592,GO:0071468
b1592,GO:1902476
b1592,GO:0005886
b1592,GO:0016020
b1592,GO:0034707
b1592,GO:0005247
b1592,GO:0005254
b1594,GO:0006351
b1594,GO:0006355
b1594,GO:0005737
b1594,GO:0016020
b1594,GO:0003677
b1594,GO:0005515
b1594,GO:0042802
b1594,GO:0046872
b1595,GO:0006355
b1595,GO:0032993
b1595,GO:0003677
b1595,GO:0003700
b1596,GO:0055085
b1596,GO:0005886
b1596,GO:0016020
b1596,GO:0022857
b1597,GO:0010447
b1597,GO:0030288
b1597,GO:0042597
b1598,GO:0006508
b1598,GO:0004252
b1598,GO:0008236
b1599,GO:0015848
b1599,GO:0015871
b1599,GO:0031460
b1599,GO:1903711
b1599,GO:1990961
b1599,GO:0005886
b1599,GO:1902495
b1599,GO:0015199
b1599,GO:0015220
b1599,GO:0015297
b1599,GO:0015606
b1599,GO:0022857
b1600,GO:0015848
b1600,GO:0015871
b1600,GO:0031460
b1600,GO:1903711
b1600,GO:1990961
b1600,GO:0005886
b1600,GO:1902495
b1600,GO:0015199
b1600,GO:0015220
b1600,GO:0015297
b1600,GO:0015606
b1600,GO:0022857
b1601,GO:0009372
b1601,GO:0055085
b1601,GO:1905887
b1601,GO:0005886
b1601,GO:0016020
b1601,GO:0015562
b1602,GO:0006740
b1602,GO:0120029
b1602,GO:0005886
b1602,GO:0016020
b1602,GO:0005515
b1602,GO:0008750
b1602,GO:0050661
b1603,GO:0006740
b1603,GO:0120029
b1603,GO:1902600
b1603,GO:0005886
b1603,GO:0000166
b1603,GO:0005515
b1603,GO:0008750
b1603,GO:0016491
b1603,GO:0046983
b1603,GO:0050661
b1605,GO:0006865
b1605,GO:0055085
b1605,GO:0005886
b1605,GO:0016020
b1605,GO:0015297
b1605,GO:0022857
b1606,GO:0006730
b1606,GO:0009257
b1606,GO:0042559
b1606,GO:0046656
b1606,GO:0051289
b1606,GO:0004146
b1606,GO:0016491
b1606,GO:0042802
b1606,GO:0071172
b1607,GO:0005886
b1608,GO:0000160
b1608,GO:0006355
b1608,GO:0005737
b1608,GO:0005829
b1608,GO:0032993
b1608,GO:0000156
b1608,GO:0000976
b1608,GO:0003677
b1608,GO:0005515
b1609,GO:0000160
b1609,GO:0007165
b1609,GO:0016310
b1609,GO:0018106
b1609,GO:0005886
b1609,GO:0016020
b1609,GO:0000155
b1609,GO:0004673
b1609,GO:0005524
b1609,GO:0016301
b1610,GO:0006260
b1610,GO:0006274
b1610,GO:0071807
b1610,GO:0005737
b1610,GO:0003677
b1610,GO:0043565
b1611,GO:0006099
b1611,GO:0006106
b1611,GO:0006108
b1611,GO:0006979
b1611,GO:0005737
b1611,GO:0004333
b1611,GO:0016829
b1611,GO:0042802
b1612,GO:0006091
b1612,GO:0006099
b1612,GO:0005829
b1612,GO:0004333
b1612,GO:0016829
b1612,GO:0016853
b1612,GO:0042802
b1612,GO:0042803
b1612,GO:0046872
b1612,GO:0050163
b1612,GO:0051539
b1613,GO:0005975
b1613,GO:0009242
b1613,GO:0009298
b1613,GO:0019309
b1613,GO:0005737
b1613,GO:0005829
b1613,GO:0004476
b1613,GO:0005515
b1613,GO:0008270
b1613,GO:0016853
b1613,GO:0046872
b1614,GO:0071978
b1614,GO:0005886
b1614,GO:0042802
b1614,GO:0042803
b1615,GO:0006811
b1615,GO:0055085
b1615,GO:0009279
b1615,GO:0016020
b1615,GO:0046930
b1615,GO:0015288
b1616,GO:0006814
b1616,GO:0008643
b1616,GO:0055085
b1616,GO:0005886
b1616,GO:0016020
b1616,GO:0015293
b1617,GO:0005975
b1617,GO:0005829
b1617,GO:0032991
b1617,GO:0004553
b1617,GO:0004566
b1617,GO:0016798
b1617,GO:0030246
b1617,GO:0042802
b1618,GO:0006351
b1618,GO:0006355
b1618,GO:0045892
b1618,GO:0000976
b1618,GO:0003677
b1618,GO:0003700
b1619,GO:0016042
b1619,GO:0030573
b1619,GO:0005829
b1619,GO:0032991
b1619,GO:0008709
b1619,GO:0016491
b1619,GO:0042802
b1619,GO:0051287
b1619,GO:0106281
b1620,GO:0006355
b1620,GO:0045892
b1620,GO:0032993
b1620,GO:0000976
b1620,GO:0001217
b1620,GO:0003677
b1620,GO:0003700
b1621,GO:0009401
b1621,GO:0009758
b1621,GO:0015768
b1621,GO:0016310
b1621,GO:0046323
b1621,GO:1904659
b1621,GO:0005886
b1621,GO:0016020
b1621,GO:0005363
b1621,GO:0005515
b1621,GO:0008982
b1621,GO:0016301
b1621,GO:0055056
b1621,GO:0090564
b1622,GO:0009058
b1622,GO:0009086
b1622,GO:0003824
b1622,GO:0005515
b1622,GO:0016829
b1622,GO:0030170
b1622,GO:0042803
b1622,GO:0047804
b1622,GO:0080146
b1622,GO:0140297
b1623,GO:0006154
b1623,GO:0006974
b1623,GO:0009117
b1623,GO:0009168
b1623,GO:0015950
b1623,GO:0032261
b1623,GO:0043103
b1623,GO:0046101
b1623,GO:0046103
b1623,GO:0005829
b1623,GO:0004000
b1623,GO:0008270
b1623,GO:0016787
b1623,GO:0046872
b1623,GO:0046936
b1624,GO:0017000
b1624,GO:0005829
b1624,GO:0000166
b1624,GO:0005515
b1624,GO:0016491
b1624,GO:0102497
b1625,GO:0036386
b1625,GO:0045892
b1625,GO:0060566
b1625,GO:1900232
b1625,GO:0036411
b1625,GO:0043590
b1625,GO:0003677
b1625,GO:0005515
b1626,GO:0005886
b1627,GO:0022900
b1627,GO:0005886
b1627,GO:0016020
b1627,GO:0098797
b1627,GO:1990204
b1627,GO:0016651
b1628,GO:0022900
b1628,GO:0005886
b1628,GO:0098797
b1628,GO:1990204
b1628,GO:0009055
b1628,GO:0016651
b1628,GO:0046872
b1628,GO:0051536
b1628,GO:0051539
b1629,GO:0022900
b1629,GO:0005886
b1629,GO:0016020
b1629,GO:0098797
b1629,GO:1990204
b1629,GO:0009055
b1629,GO:0016651
b1629,GO:0046872
b1629,GO:0051539
b1630,GO:0022900
b1630,GO:0055085
b1630,GO:0005886
b1630,GO:0016020
b1630,GO:0098797
b1630,GO:1990204
b1630,GO:0016651
b1631,GO:0022900
b1631,GO:0005886
b1631,GO:0009279
b1631,GO:0098797
b1631,GO:1990204
b1631,GO:0009055
b1631,GO:0010181
b1631,GO:0016651
b1632,GO:0022900
b1632,GO:0005886
b1632,GO:0016020
b1633,GO:0006281
b1633,GO:0006284
b1633,GO:0006285
b1633,GO:0006950
b1633,GO:0034644
b1633,GO:0097510
b1633,GO:0000703
b1633,GO:0003677
b1633,GO:0003906
b1633,GO:0004844
b1633,GO:0005515
b1633,GO:0016798
b1633,GO:0016829
b1633,GO:0019104
b1633,GO:0046872
b1633,GO:0051539
b1633,GO:0140078
b1634,GO:0006857
b1634,GO:0015031
b1634,GO:0015833
b1634,GO:0035442
b1634,GO:0035443
b1634,GO:0042938
b1634,GO:0042939
b1634,GO:0055085
b1634,GO:1902600
b1634,GO:0005886
b1634,GO:0016020
b1634,GO:0015333
b1634,GO:0042937
b1634,GO:0071916
b1634,GO:1904680
b1635,GO:0042542
b1635,GO:0005737
b1635,GO:0004364
b1635,GO:0016740
b1635,GO:0042803
b1636,GO:0009443
b1636,GO:0016310
b1636,GO:0042816
b1636,GO:0042817
b1636,GO:0042819
b1636,GO:0005829
b1636,GO:0000287
b1636,GO:0003824
b1636,GO:0005524
b1636,GO:0008478
b1636,GO:0016301
b1636,GO:0042803
b1637,GO:0006412
b1637,GO:0006418
b1637,GO:0006437
b1637,GO:0043039
b1637,GO:0005737
b1637,GO:0005829
b1637,GO:0016020
b1637,GO:0003723
b1637,GO:0004812
b1637,GO:0004831
b1637,GO:0005524
b1637,GO:0042803
b1638,GO:0008615
b1638,GO:0036001
b1638,GO:0042816
b1638,GO:0042823
b1638,GO:1901615
b1638,GO:0005829
b1638,GO:0032991
b1638,GO:0004733
b1638,GO:0010181
b1638,GO:0016491
b1638,GO:0030170
b1638,GO:0042301
b1638,GO:0042803
b1638,GO:1902444
b1639,GO:0009279
b1639,GO:0031241
b1639,GO:0005515
b1639,GO:0060241
b1640,GO:0006040
b1640,GO:0009254
b1640,GO:0016310
b1640,GO:0097175
b1640,GO:0005524
b1640,GO:0016301
b1640,GO:0016773
b1641,GO:0009279
b1641,GO:0019867
b1642,GO:0006355
b1642,GO:0006950
b1642,GO:0045893
b1642,GO:2000143
b1642,GO:2000144
b1642,GO:0003677
b1642,GO:0003700
b1643,GO:0005886
b1644,GO:0009636
b1644,GO:0055085
b1644,GO:0005886
b1644,GO:0016020
b1644,GO:0022857
b1645,GO:0055085
b1645,GO:0005886
b1645,GO:0022857
b1646,GO:0006801
b1646,GO:0019430
b1646,GO:0030288
b1646,GO:0042597
b1646,GO:0004784
b1646,GO:0005507
b1646,GO:0008270
b1646,GO:0016209
b1646,GO:0016491
b1646,GO:0046872
b1647,GO:0005829
b1647,GO:0016491
b1648,GO:0042542
b1649,GO:0009889
b1649,GO:0045892
b1649,GO:0080090
b1649,GO:0003677
b1649,GO:0003700
b1649,GO:0005515
b1650,GO:0006805
b1650,GO:0018937
b1650,GO:0046256
b1650,GO:0005829
b1650,GO:0008748
b1650,GO:0010181
b1650,GO:0016491
b1650,GO:0034567
b1650,GO:0046857
b1651,GO:0009636
b1651,GO:0019243
b1651,GO:0005737
b1651,GO:0005829
b1651,GO:0004462
b1651,GO:0005515
b1651,GO:0016151
b1651,GO:0016829
b1651,GO:0042803
b1651,GO:0046872
b1652,GO:0006259
b1652,GO:0006396
b1652,GO:0006974
b1652,GO:0008033
b1652,GO:0031125
b1652,GO:0034644
b1652,GO:0042780
b1652,GO:0043628
b1652,GO:0045004
b1652,GO:0005829
b1652,GO:0000175
b1652,GO:0000287
b1652,GO:0003676
b1652,GO:0004527
b1652,GO:0004540
b1652,GO:0005515
b1652,GO:0008310
b1652,GO:0008408
b1652,GO:0016896
b1652,GO:0042802
b1652,GO:0042803
b1652,GO:0046872
b1653,GO:0003676
b1653,GO:0003677
b1653,GO:0004386
b1653,GO:0005524
b1653,GO:0016787
b1653,GO:0016887
b1653,GO:0033679
b1653,GO:0042802
b1654,GO:0006879
b1654,GO:0016226
b1654,GO:0045454
b1654,GO:0005737
b1654,GO:0005829
b1654,GO:1990229
b1654,GO:0005515
b1654,GO:0015036
b1654,GO:0042803
b1654,GO:0046872
b1654,GO:0051537
b1655,GO:0000270
b1655,GO:0006508
b1655,GO:0045227
b1655,GO:0071555
b1655,GO:0004175
b1655,GO:0008234
b1656,GO:0000303
b1656,GO:0006801
b1656,GO:0019430
b1656,GO:0005737
b1656,GO:0005829
b1656,GO:0016020
b1656,GO:0004784
b1656,GO:0005506
b1656,GO:0016491
b1656,GO:0046872
b1657,GO:0055085
b1657,GO:0005886
b1657,GO:0016020
b1657,GO:0005515
b1657,GO:0022857
b1658,GO:0006164
b1658,GO:0006355
b1658,GO:0045892
b1658,GO:1900372
b1658,GO:0005829
b1658,GO:0000976
b1658,GO:0001217
b1658,GO:0002057
b1658,GO:0003677
b1658,GO:0003700
b1658,GO:0005515
b1658,GO:0042803
b1661,GO:0006629
b1661,GO:0006633
b1661,GO:0008610
b1661,GO:0030258
b1661,GO:0032259
b1661,GO:0005737
b1661,GO:0005829
b1661,GO:0031234
b1661,GO:0008168
b1661,GO:0008825
b1661,GO:0042803
b1661,GO:0071890
b1662,GO:0009231
b1662,GO:0005829
b1662,GO:0004746
b1662,GO:0016740
b1663,GO:0006814
b1663,GO:0006855
b1663,GO:0015031
b1663,GO:0015833
b1663,GO:0034614
b1663,GO:0035442
b1663,GO:0046677
b1663,GO:0055085
b1663,GO:1990961
b1663,GO:0005886
b1663,GO:0016020
b1663,GO:0015297
b1663,GO:0042910
b1663,GO:0071916
b1664,GO:0006974
b1667,GO:0005829
b1667,GO:0005515
b1667,GO:0016491
b1667,GO:0042803
b1670,GO:0022904
b1670,GO:0005886
b1670,GO:0016020
b1670,GO:0009055
b1670,GO:0020037
b1670,GO:0046872
b1671,GO:0030288
b1671,GO:0046872
b1671,GO:0051539
b1673,GO:0009055
b1673,GO:0016491
b1673,GO:0016625
b1673,GO:0043546
b1673,GO:0046872
b1673,GO:0051536
b1673,GO:0051539
b1674,GO:0046872
b1674,GO:0051539
b1675,GO:0004333
b1675,GO:0016829
b1676,GO:0006096
b1676,GO:0009408
b1676,GO:0016310
b1676,GO:0005737
b1676,GO:0005829
b1676,GO:0016020
b1676,GO:1902912
b1676,GO:0000287
b1676,GO:0004743
b1676,GO:0005515
b1676,GO:0005524
b1676,GO:0016301
b1676,GO:0030955
b1676,GO:0042802
b1676,GO:0046872
b1677,GO:0030258
b1677,GO:0043580
b1677,GO:0005576
b1677,GO:0009279
b1677,GO:0016020
b1677,GO:0019867
b1677,GO:0030288
b1677,GO:0005515
b1677,GO:0008289
b1677,GO:0042802
b1677,GO:0042834
b1679,GO:0006790
b1679,GO:0006979
b1679,GO:0016226
b1679,GO:0031163
b1679,GO:0005737
b1679,GO:1990228
b1679,GO:0005515
b1679,GO:0008047
b1679,GO:0097163
b1680,GO:0001887
b1680,GO:0006534
b1680,GO:0006790
b1680,GO:0016226
b1680,GO:0005737
b1680,GO:0003824
b1680,GO:0005515
b1680,GO:0008826
b1680,GO:0009000
b1680,GO:0016740
b1680,GO:0016787
b1680,GO:0016829
b1680,GO:0030170
b1680,GO:0031071
b1680,GO:0042803
b1681,GO:0006979
b1681,GO:0016226
b1681,GO:1990229
b1681,GO:0005515
b1682,GO:0009314
b1682,GO:0016226
b1682,GO:0005737
b1682,GO:0005829
b1682,GO:1990229
b1682,GO:0005515
b1682,GO:0005524
b1682,GO:0016887
b1683,GO:0016226
b1683,GO:1990229
b1683,GO:0005515
b1683,GO:0051537
b1683,GO:0051539
b1684,GO:0006979
b1684,GO:0016226
b1684,GO:0097428
b1684,GO:0005737
b1684,GO:0005829
b1684,GO:1990230
b1684,GO:0005515
b1684,GO:0042803
b1684,GO:0046872
b1684,GO:0051536
b1684,GO:0051537
b1684,GO:0051539
b1686,GO:0009234
b1686,GO:0005829
b1686,GO:0016289
b1686,GO:0016787
b1686,GO:0016790
b1686,GO:0061522
b1687,GO:1903457
b1687,GO:0003824
b1687,GO:0004458
b1687,GO:0008720
b1687,GO:0016491
b1687,GO:0046872
b1687,GO:0050660
b1687,GO:0051539
b1687,GO:0071949
b1688,GO:0005886
b1689,GO:0003677
b1690,GO:0055085
b1690,GO:0005886
b1690,GO:0016020
b1690,GO:0022857
b1691,GO:0055085
b1691,GO:0005886
b1691,GO:0016020
b1691,GO:0022857
b1692,GO:0008652
b1692,GO:0009073
b1692,GO:0009423
b1692,GO:0019632
b1692,GO:0004764
b1692,GO:0005515
b1692,GO:0016491
b1692,GO:0030266
b1692,GO:0042803
b1692,GO:0052733
b1692,GO:0052734
b1693,GO:0008652
b1693,GO:0009073
b1693,GO:0009423
b1693,GO:0046279
b1693,GO:0005829
b1693,GO:0003855
b1693,GO:0016829
b1693,GO:0042803
b1694,GO:0046459
b1694,GO:0046952
b1694,GO:0051289
b1694,GO:0008410
b1694,GO:0008775
b1694,GO:0016740
b1695,GO:0033539
b1695,GO:0071271
b1695,GO:0005737
b1695,GO:0003995
b1695,GO:0016491
b1695,GO:0050660
b1696,GO:0006355
b1696,GO:0003677
b1696,GO:0003700
b1696,GO:0043565
b1697,GO:0006974
b1697,GO:0009055
b1698,GO:0033539
b1698,GO:0009055
b1698,GO:0050660
b1699,GO:0016491
b1699,GO:0071949
b1700,GO:0005506
b1700,GO:0046872
b1700,GO:0051536
b1701,GO:0006631
b1701,GO:0006635
b1701,GO:0019395
b1701,GO:0005886
b1701,GO:0005524
b1701,GO:0016874
b1701,GO:0016877
b1701,GO:0031956
b1702,GO:0006090
b1702,GO:0006094
b1702,GO:0016310
b1702,GO:0000287
b1702,GO:0003824
b1702,GO:0005524
b1702,GO:0008986
b1702,GO:0016301
b1702,GO:0042803
b1702,GO:0046872
b1703,GO:0006468
b1703,GO:0006470
b1703,GO:0016310
b1703,GO:0005829
b1703,GO:0000166
b1703,GO:0004674
b1703,GO:0005515
b1703,GO:0005524
b1703,GO:0016772
b1703,GO:0016776
b1703,GO:0030234
b1703,GO:0043531
b1704,GO:0008652
b1704,GO:0009073
b1704,GO:0009423
b1704,GO:0005737
b1704,GO:0003849
b1704,GO:0005515
b1704,GO:0016740
b1704,GO:0042802
b1705,GO:0042803
b1706,GO:0018117
b1706,GO:0000287
b1706,GO:0005524
b1706,GO:0016779
b1706,GO:0046872
b1706,GO:0070733
b1708,GO:0006508
b1708,GO:0005886
b1708,GO:0008234
b1709,GO:0015889
b1709,GO:0055085
b1709,GO:0005886
b1709,GO:0016020
b1709,GO:0019898
b1709,GO:0043190
b1709,GO:1990191
b1709,GO:1990193
b1709,GO:0005515
b1709,GO:0005524
b1709,GO:0015420
b1709,GO:0016887
b1709,GO:0042626
b1710,GO:0000302
b1710,GO:0006979
b1710,GO:0015889
b1710,GO:0033194
b1710,GO:0034599
b1710,GO:0098869
b1710,GO:0042597
b1710,GO:0004601
b1710,GO:0004602
b1710,GO:0008379
b1710,GO:0051920
b1710,GO:0140824
b1711,GO:0015889
b1711,GO:0035461
b1711,GO:0055085
b1711,GO:0005886
b1711,GO:0016020
b1711,GO:0043190
b1711,GO:1990191
b1711,GO:1990193
b1711,GO:0005515
b1711,GO:0015420
b1711,GO:0022857
b1711,GO:0042802
b1711,GO:0090482
b1712,GO:0006310
b1712,GO:0006351
b1712,GO:0006355
b1712,GO:0006417
b1712,GO:0045893
b1712,GO:0005737
b1712,GO:0005829
b1712,GO:0009295
b1712,GO:0032993
b1712,GO:1990177
b1712,GO:0000976
b1712,GO:0001216
b1712,GO:0003677
b1712,GO:0030527
b1712,GO:0043565
b1713,GO:0006412
b1713,GO:0006432
b1713,GO:0005737
b1713,GO:0005829
b1713,GO:0009328
b1713,GO:0016020
b1713,GO:0000049
b1713,GO:0000287
b1713,GO:0004812
b1713,GO:0004826
b1713,GO:0005515
b1713,GO:0005524
b1713,GO:0042802
b1713,GO:0046872
b1714,GO:0006412
b1714,GO:0006432
b1714,GO:0005737
b1714,GO:0005829
b1714,GO:0009328
b1714,GO:0000049
b1714,GO:0000287
b1714,GO:0004812
b1714,GO:0004826
b1714,GO:0005515
b1714,GO:0005524
b1714,GO:0046872
b1716,GO:0000027
b1716,GO:0002181
b1716,GO:0006412
b1716,GO:0017148
b1716,GO:0005737
b1716,GO:0005829
b1716,GO:0005840
b1716,GO:0022625
b1716,GO:1990904
b1716,GO:0000900
b1716,GO:0003729
b1716,GO:0003735
b1716,GO:0019843
b1716,GO:0070180
b1717,GO:0002181
b1717,GO:0006412
b1717,GO:0005737
b1717,GO:0005840
b1717,GO:0022625
b1717,GO:1990904
b1717,GO:0003735
b1718,GO:0006412
b1718,GO:0006413
b1718,GO:0009409
b1718,GO:0032790
b1718,GO:0005737
b1718,GO:0005829
b1718,GO:0016020
b1718,GO:0003723
b1718,GO:0003743
b1718,GO:0005515
b1718,GO:0043022
b1719,GO:0006412
b1719,GO:0006417
b1719,GO:0006418
b1719,GO:0006435
b1719,GO:0043039
b1719,GO:0045947
b1719,GO:0046677
b1719,GO:0106074
b1719,GO:0005737
b1719,GO:0005829
b1719,GO:0000049
b1719,GO:0000900
b1719,GO:0002161
b1719,GO:0003723
b1719,GO:0004812
b1719,GO:0004829
b1719,GO:0005515
b1719,GO:0005524
b1719,GO:0008270
b1719,GO:0042803
b1719,GO:0046872
b1719,GO:0048027
b1722,GO:0009279
b1723,GO:0005975
b1723,GO:0006096
b1723,GO:0006974
b1723,GO:0016310
b1723,GO:0061615
b1723,GO:0005829
b1723,GO:0000287
b1723,GO:0003872
b1723,GO:0005515
b1723,GO:0005524
b1723,GO:0009024
b1723,GO:0016301
b1723,GO:0016772
b1723,GO:0016773
b1723,GO:0042802
b1723,GO:0042803
b1723,GO:0046872
b1724,GO:0006974
b1724,GO:0004521
b1725,GO:0016310
b1725,GO:0005524
b1725,GO:0016301
b1726,GO:0005886
b1727,GO:0005829
b1727,GO:0000287
b1727,GO:0003850
b1727,GO:0004346
b1727,GO:0016787
b1727,GO:0016791
b1727,GO:0046872
b1727,GO:0050084
b1727,GO:0050286
b1727,GO:0050308
b1728,GO:0006974
b1728,GO:0005886
b1729,GO:0000101
b1729,GO:0006791
b1729,GO:0006865
b1729,GO:0015811
b1729,GO:0055085
b1729,GO:1905039
b1729,GO:0005886
b1729,GO:0016020
b1729,GO:0000099
b1729,GO:0015184
b1729,GO:0015293
b1731,GO:0051301
b1731,GO:0051302
b1731,GO:0003677
b1731,GO:0003690
b1731,GO:0005515
b1732,GO:0006972
b1732,GO:0006974
b1732,GO:0006979
b1732,GO:0042744
b1732,GO:0098869
b1732,GO:0005737
b1732,GO:0005829
b1732,GO:0004096
b1732,GO:0004601
b1732,GO:0005506
b1732,GO:0020037
b1732,GO:0042802
b1732,GO:0046872
b1733,GO:0000272
b1733,GO:0006032
b1733,GO:0052777
b1733,GO:0005737
b1733,GO:0016787
b1733,GO:0016811
b1733,GO:0019213
b1733,GO:0036311
b1733,GO:0046872
b1733,GO:0052773
b1734,GO:0005975
b1734,GO:0052777
b1734,GO:0004553
b1734,GO:0008706
b1734,GO:0016616
b1734,GO:0016798
b1734,GO:0042802
b1734,GO:0046872
b1735,GO:0006355
b1735,GO:0045892
b1735,GO:0001046
b1735,GO:0003677
b1735,GO:0003700
b1735,GO:0042803
b1735,GO:0043565
b1736,GO:0009401
b1736,GO:1902815
b1736,GO:0005737
b1736,GO:0005829
b1736,GO:0032991
b1736,GO:1902495
b1736,GO:0005515
b1736,GO:0016740
b1736,GO:0090566
b1737,GO:0009401
b1737,GO:1902815
b1737,GO:0005886
b1737,GO:0016020
b1737,GO:1902495
b1737,GO:0008982
b1737,GO:0090563
b1738,GO:0009401
b1738,GO:0016310
b1738,GO:1902815
b1738,GO:0005737
b1738,GO:0005829
b1738,GO:1902495
b1738,GO:0005515
b1738,GO:0008982
b1738,GO:0016301
b1738,GO:0090566
b1739,GO:0006970
b1739,GO:0005886
b1739,GO:0019867
b1740,GO:0006974
b1740,GO:0009435
b1740,GO:0034355
b1740,GO:0034628
b1740,GO:0005737
b1740,GO:0005829
b1740,GO:0000287
b1740,GO:0003952
b1740,GO:0004359
b1740,GO:0005515
b1740,GO:0005524
b1740,GO:0008795
b1740,GO:0016874
b1740,GO:0042803
b1740,GO:0046872
b1741,GO:0006281
b1741,GO:0006289
b1741,GO:0006974
b1741,GO:0009432
b1741,GO:0009380
b1741,GO:0004518
b1741,GO:0004520
b1741,GO:0005515
b1742,GO:0070417
b1743,GO:0014070
b1743,GO:0061077
b1743,GO:0030288
b1743,GO:0042597
b1743,GO:0005515
b1743,GO:0042803
b1743,GO:0044183
b1743,GO:0051082
b1744,GO:0006525
b1744,GO:0019544
b1744,GO:0019545
b1744,GO:0005515
b1744,GO:0008270
b1744,GO:0009017
b1744,GO:0016787
b1744,GO:0016788
b1744,GO:0016811
b1744,GO:0046872
b1745,GO:0006525
b1745,GO:0006527
b1745,GO:0019544
b1745,GO:0019545
b1745,GO:0009015
b1745,GO:0016787
b1745,GO:0042803
b1746,GO:0006525
b1746,GO:0006527
b1746,GO:0019544
b1746,GO:0019545
b1746,GO:0004029
b1746,GO:0004030
b1746,GO:0004777
b1746,GO:0005515
b1746,GO:0016491
b1746,GO:0043824
b1747,GO:0006525
b1747,GO:0006527
b1747,GO:0019544
b1747,GO:0019545
b1747,GO:0008791
b1747,GO:0016746
b1748,GO:0006525
b1748,GO:0006526
b1748,GO:0006527
b1748,GO:0006593
b1748,GO:0019544
b1748,GO:0019545
b1748,GO:0042450
b1748,GO:0003992
b1748,GO:0008483
b1748,GO:0030170
b1748,GO:0042802
b1748,GO:0043825
b1749,GO:0006281
b1749,GO:0006974
b1749,GO:0005829
b1749,GO:0003677
b1749,GO:0004519
b1749,GO:0004527
b1749,GO:0008311
b1749,GO:0046872
b1750,GO:0005886
b1751,GO:0005829
b1752,GO:0005886
b1752,GO:0016020
b1753,GO:0098869
b1753,GO:0051920
b1754,GO:0055085
b1754,GO:0016020
b1754,GO:0030288
b1754,GO:0055052
b1755,GO:0055085
b1755,GO:0005886
b1755,GO:0016020
b1755,GO:0043190
b1755,GO:0055052
b1756,GO:0055085
b1756,GO:0016020
b1756,GO:0043190
b1756,GO:0055052
b1756,GO:0005524
b1756,GO:0016887
b1757,GO:0042597
b1757,GO:0004792
b1757,GO:0016740
b1757,GO:0016783
b1758,GO:0008654
b1758,GO:0005886
b1758,GO:0016020
b1758,GO:0016740
b1758,GO:0016780
b1759,GO:0006281
b1759,GO:0005515
b1759,GO:0008413
b1759,GO:0016787
b1759,GO:0035539
b1759,GO:0044715
b1759,GO:0044716
b1759,GO:0047840
b1761,GO:0006520
b1761,GO:0006536
b1761,GO:0006537
b1761,GO:0005737
b1761,GO:0005829
b1761,GO:1990148
b1761,GO:0004353
b1761,GO:0004354
b1761,GO:0016491
b1761,GO:0016639
b1761,GO:0042802
b1761,GO:0097216
b1762,GO:0005886
b1763,GO:0006261
b1763,GO:0006265
b1763,GO:0006281
b1763,GO:0006310
b1763,GO:0051304
b1763,GO:0043597
b1763,GO:0000287
b1763,GO:0003677
b1763,GO:0003916
b1763,GO:0003917
b1763,GO:0005515
b1763,GO:0046872
b1763,GO:0098847
b1764,GO:0016260
b1764,GO:0016310
b1764,GO:0070329
b1764,GO:0005737
b1764,GO:0005829
b1764,GO:0000287
b1764,GO:0004756
b1764,GO:0005524
b1764,GO:0016301
b1764,GO:0042802
b1764,GO:0042803
b1764,GO:0046872
b1765,GO:0005829
b1765,GO:0010181
b1765,GO:0016491
b1765,GO:0042803
b1766,GO:0006465
b1766,GO:0006508
b1766,GO:0005886
b1766,GO:0016020
b1766,GO:0004175
b1766,GO:0008236
b1767,GO:0006520
b1767,GO:0033345
b1767,GO:0051289
b1767,GO:0005737
b1767,GO:0005829
b1767,GO:0004067
b1767,GO:0016787
b1767,GO:0042802
b1768,GO:0019363
b1768,GO:0019365
b1768,GO:0005829
b1768,GO:0008936
b1768,GO:0016787
b1768,GO:0016811
b1768,GO:0046872
b1769,GO:0055085
b1769,GO:0005886
b1769,GO:0022857
b1770,GO:0006355
b1770,GO:0003677
b1770,GO:0003700
b1770,GO:0005515
b1771,GO:0005829
b1771,GO:0016491
b1771,GO:0019170
b1772,GO:0006974
b1772,GO:0016310
b1772,GO:0019698
b1772,GO:0042840
b1772,GO:0046835
b1772,GO:0005829
b1772,GO:0008673
b1772,GO:0016301
b1772,GO:0016772
b1772,GO:0019200
b1772,GO:0042803
b1773,GO:0005975
b1773,GO:0051289
b1773,GO:0005829
b1773,GO:0008270
b1773,GO:0009025
b1773,GO:0016832
b1773,GO:0042802
b1774,GO:0008270
b1774,GO:0016491
b1774,GO:0016616
b1774,GO:0046872
b1775,GO:0055085
b1775,GO:0005886
b1775,GO:0016020
b1775,GO:0022857
b1776,GO:0008270
b1776,GO:0016491
b1776,GO:0016616
b1776,GO:0046872
b1778,GO:0006979
b1778,GO:0030091
b1778,GO:0046686
b1778,GO:0005737
b1778,GO:0005829
b1778,GO:0005506
b1778,GO:0008270
b1778,GO:0016491
b1778,GO:0033743
b1778,GO:0033745
b1778,GO:0046872
b1779,GO:0006006
b1779,GO:0006096
b1779,GO:0005737
b1779,GO:0005829
b1779,GO:0016020
b1779,GO:0000166
b1779,GO:0004365
b1779,GO:0005515
b1779,GO:0016491
b1779,GO:0016620
b1779,GO:0042802
b1779,GO:0050661
b1779,GO:0051287
b1780,GO:0005975
b1780,GO:0006974
b1780,GO:0005737
b1780,GO:0005829
b1780,GO:0016853
b1780,GO:0030246
b1780,GO:0047938
b1781,GO:0051596
b1781,GO:0016491
b1782,GO:0009252
b1782,GO:0009279
b1782,GO:0030674
b1783,GO:0006995
b1783,GO:0004672
b1785,GO:0043709
b1785,GO:1902201
b1785,GO:0005886
b1785,GO:0005515
b1785,GO:0005525
b1785,GO:0016740
b1785,GO:0046872
b1785,GO:0052621
b1786,GO:0043709
b1786,GO:1902201
b1786,GO:0005886
b1786,GO:0005515
b1786,GO:0005525
b1786,GO:0016740
b1786,GO:0046872
b1786,GO:0052621
b1788,GO:0005886
b1788,GO:0016020
b1789,GO:0005886
b1790,GO:0006355
b1790,GO:0045892
b1790,GO:0003677
b1790,GO:0003700
b1790,GO:0043565
b1791,GO:0046677
b1791,GO:0055085
b1791,GO:0005886
b1791,GO:0016020
b1791,GO:0022857
b1794,GO:0043709
b1794,GO:1902201
b1794,GO:0005886
b1794,GO:0005525
b1794,GO:0016740
b1794,GO:0046872
b1794,GO:0052621
b1795,GO:0005886
b1795,GO:0016020
b1798,GO:0006865
b1798,GO:0015820
b1798,GO:0055085
b1798,GO:1902475
b1798,GO:0005886
b1798,GO:0016020
b1798,GO:0015190
b1798,GO:0015297
b1799,GO:0006108
b1799,GO:0006351
b1799,GO:0006355
b1799,GO:0045892
b1799,GO:0045893
b1799,GO:0003677
b1799,GO:0003700
b1799,GO:0043565
b1800,GO:0006108
b1800,GO:0005737
b1800,GO:0000287
b1800,GO:0003862
b1800,GO:0005515
b1800,GO:0009027
b1800,GO:0016491
b1800,GO:0016616
b1800,GO:0046553
b1800,GO:0046872
b1800,GO:0051287
b1801,GO:0055085
b1801,GO:0071705
b1801,GO:0005886
b1801,GO:0016020
b1801,GO:0022857
b1802,GO:0009437
b1802,GO:0032991
b1802,GO:0005506
b1802,GO:0016491
b1802,GO:0016709
b1802,GO:0042802
b1802,GO:0046872
b1802,GO:0051537
b1803,GO:0009437
b1803,GO:0016491
b1803,GO:0016709
b1803,GO:0046872
b1803,GO:0051537
b1804,GO:0008033
b1804,GO:0042780
b1804,GO:0005737
b1804,GO:0000166
b1804,GO:0000175
b1804,GO:0003676
b1804,GO:0004527
b1804,GO:0008408
b1804,GO:0033890
b1805,GO:0001676
b1805,GO:0006629
b1805,GO:0006631
b1805,GO:0006635
b1805,GO:0006637
b1805,GO:0008654
b1805,GO:0009411
b1805,GO:0015908
b1805,GO:0005737
b1805,GO:0005829
b1805,GO:0005886
b1805,GO:0009898
b1805,GO:0004467
b1805,GO:0005504
b1805,GO:0005524
b1805,GO:0016874
b1805,GO:0016877
b1805,GO:0042803
b1805,GO:0070538
b1805,GO:0102391
b1806,GO:0005886
b1806,GO:0019867
b1807,GO:0002949
b1807,GO:0008033
b1807,GO:1990145
b1807,GO:0000408
b1807,GO:0005737
b1807,GO:0005829
b1807,GO:0005515
b1807,GO:0008237
b1807,GO:0042802
b1808,GO:0006139
b1808,GO:0006281
b1808,GO:0009432
b1808,GO:0032508
b1808,GO:0003677
b1808,GO:0003678
b1808,GO:0004386
b1808,GO:0005515
b1808,GO:0005524
b1808,GO:0016787
b1808,GO:0016818
b1808,GO:0016853
b1808,GO:0016887
b1808,GO:0043139
b1808,GO:0046872
b1808,GO:0051536
b1809,GO:0044010
b1809,GO:0005829
b1812,GO:0000162
b1812,GO:0008153
b1812,GO:0009396
b1812,GO:0046654
b1812,GO:0046656
b1812,GO:0009356
b1812,GO:0000287
b1812,GO:0016740
b1812,GO:0046820
b1812,GO:0046982
b1812,GO:0120284
b1813,GO:0009132
b1813,GO:0000287
b1813,GO:0003824
b1813,GO:0010945
b1813,GO:0016787
b1813,GO:0016818
b1813,GO:0030145
b1813,GO:0046872
b1814,GO:0006094
b1814,GO:0006565
b1814,GO:0005829
b1814,GO:0003941
b1814,GO:0005515
b1814,GO:0016829
b1814,GO:0046872
b1814,GO:0051539
b1815,GO:0006974
b1815,GO:0005829
b1815,GO:0005886
b1815,GO:0030288
b1815,GO:0016787
b1815,GO:0071111
b1816,GO:0005886
b1816,GO:0016020
b1816,GO:0050660
b1817,GO:0009401
b1817,GO:0015761
b1817,GO:0015764
b1817,GO:0016310
b1817,GO:0098708
b1817,GO:1990539
b1817,GO:0005737
b1817,GO:0005829
b1817,GO:0005886
b1817,GO:0016020
b1817,GO:1902495
b1817,GO:0005515
b1817,GO:0008982
b1817,GO:0016301
b1817,GO:0022870
b1817,GO:0042803
b1818,GO:0009401
b1818,GO:0015761
b1818,GO:0015764
b1818,GO:0098708
b1818,GO:1990539
b1818,GO:0005886
b1818,GO:0016020
b1818,GO:1902495
b1818,GO:0022870
b1819,GO:0009401
b1819,GO:0015761
b1819,GO:0015764
b1819,GO:0098708
b1819,GO:1990539
b1819,GO:0005886
b1819,GO:0016020
b1819,GO:1902495
b1819,GO:0022870
b1820,GO:0005886
b1821,GO:0006811
b1821,GO:0030026
b1821,GO:0071421
b1821,GO:0140048
b1821,GO:0005886
b1821,GO:0005384
b1822,GO:0006364
b1822,GO:0032259
b1822,GO:0070475
b1822,GO:0008168
b1822,GO:0008270
b1822,GO:0008989
b1822,GO:0046872
b1822,GO:0052911
b1823,GO:0010468
b1823,GO:0031564
b1823,GO:0034605
b1823,GO:0060567
b1823,GO:0005737
b1823,GO:0005829
b1823,GO:0016020
b1823,GO:0001072
b1823,GO:0003676
b1823,GO:0003677
b1823,GO:0003697
b1823,GO:0003723
b1823,GO:0005515
b1823,GO:0042803
b1823,GO:0051087
b1824,GO:0034605
b1824,GO:0036460
b1824,GO:0097533
b1825,GO:0005886
b1826,GO:0010447
b1826,GO:0070298
b1826,GO:0071286
b1826,GO:0005886
b1826,GO:0005515
b1827,GO:0006355
b1827,GO:0045892
b1827,GO:0005737
b1827,GO:0005829
b1827,GO:0003677
b1827,GO:0003700
b1827,GO:0005515
b1828,GO:0055085
b1828,GO:0005886
b1828,GO:0022857
b1829,GO:0006508
b1829,GO:0009266
b1829,GO:0005886
b1829,GO:0016020
b1829,GO:0004222
b1829,GO:0008237
b1829,GO:0008270
b1829,GO:0046872
b1830,GO:0006508
b1830,GO:0007165
b1830,GO:0030163
b1830,GO:0046677
b1830,GO:0005886
b1830,GO:0030288
b1830,GO:0004175
b1830,GO:0004252
b1830,GO:0005515
b1830,GO:0008236
b1831,GO:0006974
b1831,GO:0007231
b1831,GO:0010608
b1831,GO:0044010
b1831,GO:0051050
b1831,GO:0071475
b1831,GO:1902836
b1831,GO:0005737
b1831,GO:0005829
b1831,GO:0003723
b1831,GO:0003729
b1831,GO:0003730
b1831,GO:0005515
b1831,GO:0033592
b1831,GO:0034057
b1832,GO:0005829
b1832,GO:0016491
b1832,GO:0033745
b1832,GO:0042803
b1835,GO:0001510
b1835,GO:0006364
b1835,GO:0006396
b1835,GO:0031167
b1835,GO:0032259
b1835,GO:0070475
b1835,GO:0005737
b1835,GO:0003723
b1835,GO:0008168
b1835,GO:0008649
b1835,GO:0009383
b1835,GO:0016434
b1836,GO:0005515
b1838,GO:0009266
b1838,GO:0110154
b1838,GO:0005737
b1838,GO:0004721
b1838,GO:0004722
b1838,GO:0008138
b1838,GO:0008803
b1838,GO:0016787
b1838,GO:0016791
b1838,GO:0017018
b1838,GO:0046872
b1839,GO:0055070
b1839,GO:0030288
b1840,GO:0006825
b1840,GO:0005886
b1840,GO:0016020
b1841,GO:0006825
b1841,GO:0046688
b1841,GO:0055070
b1841,GO:0030288
b1841,GO:0042597
b1841,GO:0005507
b1841,GO:0046872
b1842,GO:0006260
b1842,GO:0006261
b1842,GO:0006272
b1842,GO:0006273
b1842,GO:0071897
b1842,GO:0005829
b1842,GO:0009360
b1842,GO:0030894
b1842,GO:0044776
b1842,GO:0003677
b1842,GO:0003887
b1842,GO:0005515
b1844,GO:0006259
b1844,GO:0006281
b1844,GO:0006298
b1844,GO:0045004
b1844,GO:0005829
b1844,GO:0003676
b1844,GO:0004527
b1844,GO:0008408
b1845,GO:0006508
b1845,GO:0005737
b1845,GO:0004252
b1845,GO:0008236
b1845,GO:0070012
b1846,GO:0005886
b1847,GO:0005576
b1848,GO:0006281
b1848,GO:0009432
b1848,GO:0010165
b1848,GO:0005829
b1849,GO:0006164
b1849,GO:0006189
b1849,GO:0009152
b1849,GO:0005829
b1849,GO:0000287
b1849,GO:0003824
b1849,GO:0004644
b1849,GO:0005515
b1849,GO:0005524
b1849,GO:0008776
b1849,GO:0016874
b1849,GO:0043815
b1849,GO:0046872
b1850,GO:0009255
b1850,GO:0005737
b1850,GO:0005829
b1850,GO:0016020
b1850,GO:0008675
b1850,GO:0008700
b1850,GO:0008948
b1850,GO:0016829
b1850,GO:0016833
b1850,GO:0042802
b1850,GO:0106009
b1851,GO:0009255
b1851,GO:0019521
b1851,GO:0019752
b1851,GO:0046177
b1851,GO:0005829
b1851,GO:0004456
b1851,GO:0016829
b1851,GO:0016836
b1851,GO:0046872
b1851,GO:0051539
b1852,GO:0006006
b1852,GO:0006098
b1852,GO:0009051
b1852,GO:0009372
b1852,GO:0005829
b1852,GO:0004345
b1852,GO:0005515
b1852,GO:0016491
b1852,GO:0042802
b1852,GO:0050661
b1854,GO:0006096
b1854,GO:0016310
b1854,GO:0005737
b1854,GO:0005829
b1854,GO:1902912
b1854,GO:0000287
b1854,GO:0004743
b1854,GO:0005515
b1854,GO:0005524
b1854,GO:0016208
b1854,GO:0016301
b1854,GO:0030955
b1854,GO:0042802
b1854,GO:0046872
b1855,GO:0009103
b1855,GO:0009247
b1855,GO:0036104
b1855,GO:0005886
b1855,GO:0009276
b1855,GO:0016020
b1855,GO:0016740
b1855,GO:0016746
b1855,GO:0016747
b1855,GO:0019107
b1856,GO:0000270
b1856,GO:0000920
b1856,GO:0006508
b1856,GO:0009254
b1856,GO:0045227
b1856,GO:0071555
b1856,GO:0005886
b1856,GO:0004175
b1856,GO:0004222
b1856,GO:0005515
b1856,GO:0008237
b1856,GO:0046872
b1857,GO:0006829
b1857,GO:0007155
b1857,GO:0071578
b1857,GO:0016020
b1857,GO:0042597
b1857,GO:0055052
b1857,GO:0008270
b1857,GO:0046872
b1858,GO:0006829
b1858,GO:0010043
b1858,GO:0071578
b1858,GO:0005886
b1858,GO:0016020
b1858,GO:0043190
b1858,GO:0055052
b1858,GO:0005524
b1858,GO:0015633
b1858,GO:0016887
b1858,GO:0042626
b1859,GO:0006829
b1859,GO:0010043
b1859,GO:0055085
b1859,GO:0071578
b1859,GO:0005886
b1859,GO:0016020
b1859,GO:0043190
b1859,GO:0055052
b1859,GO:0000006
b1860,GO:0000725
b1860,GO:0006281
b1860,GO:0006310
b1860,GO:0009411
b1860,GO:0009432
b1860,GO:0032508
b1860,GO:0005737
b1860,GO:0005829
b1860,GO:0009379
b1860,GO:0048476
b1860,GO:0000400
b1860,GO:0003677
b1860,GO:0003678
b1860,GO:0005515
b1860,GO:0005524
b1860,GO:0009378
b1860,GO:0016787
b1860,GO:0016887
b1861,GO:0000725
b1861,GO:0006281
b1861,GO:0006310
b1861,GO:0009314
b1861,GO:0009432
b1861,GO:0032508
b1861,GO:0005737
b1861,GO:0009379
b1861,GO:0048476
b1861,GO:0000400
b1861,GO:0003677
b1861,GO:0005515
b1861,GO:0005524
b1861,GO:0009378
b1861,GO:0042802
b1863,GO:0000725
b1863,GO:0006281
b1863,GO:0006310
b1863,GO:0009314
b1863,GO:0071932
b1863,GO:0005737
b1863,GO:0048476
b1863,GO:0000287
b1863,GO:0003676
b1863,GO:0003677
b1863,GO:0004519
b1863,GO:0005515
b1863,GO:0008821
b1863,GO:0046872
b1864,GO:0006355
b1864,GO:0010212
b1864,GO:0005737
b1864,GO:0005829
b1864,GO:0003677
b1865,GO:0046654
b1865,GO:0046656
b1865,GO:0000287
b1865,GO:0008828
b1865,GO:0016787
b1865,GO:0019177
b1865,GO:0046872
b1866,GO:0006412
b1866,GO:0006418
b1866,GO:0006422
b1866,GO:0005737
b1866,GO:0005829
b1866,GO:0003676
b1866,GO:0004812
b1866,GO:0004815
b1866,GO:0005524
b1867,GO:0005829
b1867,GO:0016787
b1869,GO:0005886
b1869,GO:0016020
b1870,GO:0002098
b1870,GO:0005829
b1870,GO:0016740
b1870,GO:0016743
b1870,GO:0042803
b1870,GO:1904047
b1871,GO:0002098
b1871,GO:0006400
b1871,GO:0008033
b1871,GO:0032991
b1871,GO:0008168
b1871,GO:0016740
b1871,GO:0016765
b1871,GO:0042802
b1872,GO:0009061
b1872,GO:0019645
b1872,GO:0030288
b1872,GO:0042597
b1872,GO:0009055
b1872,GO:0016491
b1872,GO:0030151
b1872,GO:0043546
b1872,GO:0046872
b1872,GO:0050626
b1873,GO:0009061
b1873,GO:0019645
b1873,GO:0005886
b1873,GO:0009276
b1873,GO:0016020
b1873,GO:0005506
b1873,GO:0009055
b1873,GO:0020037
b1873,GO:0046872
b1874,GO:0005737
b1874,GO:0005507
b1875,GO:0005829
b1876,GO:0006412
b1876,GO:0006418
b1876,GO:0006420
b1876,GO:0005737
b1876,GO:0005829
b1876,GO:0004812
b1876,GO:0004814
b1876,GO:0005524
b1878,GO:0044781
b1878,GO:0009288
b1879,GO:0006935
b1879,GO:0009306
b1879,GO:0015031
b1879,GO:0030254
b1879,GO:0044780
b1879,GO:0044781
b1879,GO:0071973
b1879,GO:0005886
b1879,GO:0009288
b1879,GO:0016020
b1879,GO:0030257
b1879,GO:0120102
b1879,GO:0005515
b1880,GO:0006935
b1880,GO:0009306
b1880,GO:0015031
b1880,GO:0030254
b1880,GO:0044780
b1880,GO:0044781
b1880,GO:0071973
b1880,GO:0005886
b1880,GO:0009288
b1880,GO:0016020
b1880,GO:0030257
b1880,GO:0120102
b1881,GO:0006935
b1881,GO:0050920
b1881,GO:0071978
b1881,GO:0097588
b1881,GO:1902021
b1881,GO:0005737
b1881,GO:0005829
b1881,GO:0005886
b1881,GO:0009288
b1881,GO:0098561
b1881,GO:0003824
b1881,GO:0004721
b1881,GO:0005515
b1881,GO:0042802
b1881,GO:0051219
b1882,GO:0000160
b1882,GO:0006935
b1882,GO:0007165
b1882,GO:0009454
b1882,GO:0018393
b1882,GO:0043052
b1882,GO:0050920
b1882,GO:0071977
b1882,GO:0097588
b1882,GO:1902021
b1882,GO:0005737
b1882,GO:0005829
b1882,GO:0009288
b1882,GO:0009433
b1882,GO:0120107
b1882,GO:0000156
b1882,GO:0000287
b1882,GO:0005515
b1882,GO:0016407
b1882,GO:0046872
b1883,GO:0000160
b1883,GO:0006482
b1883,GO:0006935
b1883,GO:0007165
b1883,GO:0018277
b1883,GO:0005737
b1883,GO:0005829
b1883,GO:0005886
b1883,GO:0000156
b1883,GO:0005515
b1883,GO:0008984
b1883,GO:0016787
b1883,GO:0050568
b1883,GO:1990827
b1884,GO:0006479
b1884,GO:0006935
b1884,GO:0032259
b1884,GO:0005829
b1884,GO:0005886
b1884,GO:0098561
b1884,GO:0005515
b1884,GO:0008168
b1884,GO:0008276
b1884,GO:0008757
b1884,GO:0008983
b1885,GO:0006935
b1885,GO:0007165
b1885,GO:0005886
b1885,GO:0016020
b1885,GO:0004888
b1886,GO:0006935
b1886,GO:0007165
b1886,GO:0007172
b1886,GO:0009593
b1886,GO:0050920
b1886,GO:0051260
b1886,GO:0071230
b1886,GO:1901875
b1886,GO:0005886
b1886,GO:0016020
b1886,GO:0051286
b1886,GO:0098561
b1886,GO:0004888
b1886,GO:0005515
b1886,GO:0042802
b1886,GO:0042803
b1886,GO:0043424
b1887,GO:0006935
b1887,GO:0007165
b1887,GO:0009454
b1887,GO:0051649
b1887,GO:1901875
b1887,GO:0005737
b1887,GO:0005829
b1887,GO:0005886
b1887,GO:0051286
b1887,GO:0098561
b1887,GO:0005515
b1887,GO:0019904
b1888,GO:0000160
b1888,GO:0006935
b1888,GO:0016310
b1888,GO:0018106
b1888,GO:0031400
b1888,GO:0050920
b1888,GO:0071977
b1888,GO:1901875
b1888,GO:1902021
b1888,GO:0005737
b1888,GO:0005886
b1888,GO:0098561
b1888,GO:0000155
b1888,GO:0004673
b1888,GO:0005515
b1888,GO:0005524
b1888,GO:0016301
b1889,GO:0006935
b1889,GO:0071973
b1889,GO:0097588
b1889,GO:1902600
b1889,GO:0005886
b1889,GO:0009288
b1889,GO:0120101
b1889,GO:0005515
b1889,GO:0015252
b1889,GO:0042834
b1890,GO:0006935
b1890,GO:0071973
b1890,GO:0071978
b1890,GO:0097588
b1890,GO:1902600
b1890,GO:0005886
b1890,GO:0009288
b1890,GO:0120101
b1890,GO:0005515
b1890,GO:0015252
b1891,GO:0006351
b1891,GO:0006355
b1891,GO:0044781
b1891,GO:0045893
b1891,GO:1902208
b1891,GO:1902210
b1891,GO:0005667
b1891,GO:0005737
b1891,GO:0003677
b1891,GO:0008270
b1891,GO:0046872
b1892,GO:0006351
b1892,GO:0006355
b1892,GO:0044780
b1892,GO:0044781
b1892,GO:0045893
b1892,GO:1902208
b1892,GO:1902210
b1892,GO:0005667
b1892,GO:0005737
b1892,GO:0003677
b1895,GO:0009267
b1895,GO:0009651
b1895,GO:0034644
b1895,GO:0005737
b1895,GO:0005515
b1895,GO:0042803
b1895,GO:0060090
b1896,GO:0005992
b1896,GO:0006950
b1896,GO:0006970
b1896,GO:0006974
b1896,GO:0070415
b1896,GO:0003825
b1896,GO:0016757
b1896,GO:0016758
b1897,GO:0005992
b1897,GO:0006970
b1897,GO:0070415
b1897,GO:0000287
b1897,GO:0004805
b1897,GO:0016787
b1897,GO:0016791
b1897,GO:0046872
b1900,GO:0042882
b1900,GO:0005829
b1900,GO:0005886
b1900,GO:0016020
b1900,GO:0055052
b1900,GO:0005515
b1900,GO:0005524
b1900,GO:0015147
b1900,GO:0015612
b1900,GO:0016887
b1901,GO:0042882
b1901,GO:0016020
b1901,GO:0030288
b1901,GO:0042597
b1901,GO:0055052
b1901,GO:0015407
b1901,GO:0030246
b1901,GO:0048029
b1902,GO:0005737
b1902,GO:0005829
b1902,GO:0004322
b1902,GO:0008198
b1902,GO:0008199
b1905,GO:0006826
b1905,GO:0006879
b1905,GO:0006974
b1905,GO:0006979
b1905,GO:0071281
b1905,GO:0005737
b1905,GO:0005829
b1905,GO:0004322
b1905,GO:0008198
b1905,GO:0008199
b1905,GO:0016491
b1905,GO:0042802
b1905,GO:0046872
b1905,GO:0140315
b1907,GO:0003333
b1907,GO:0006865
b1907,GO:0015801
b1907,GO:0005886
b1907,GO:0015173
b1907,GO:0015293
b1908,GO:0005506
b1912,GO:0006655
b1912,GO:0008654
b1912,GO:0046474
b1912,GO:0005886
b1912,GO:0016020
b1912,GO:0008444
b1912,GO:0016740
b1912,GO:0016780
b1913,GO:0006281
b1913,GO:0006289
b1913,GO:0006974
b1913,GO:0009314
b1913,GO:0009432
b1913,GO:0005737
b1913,GO:0009380
b1913,GO:0003677
b1913,GO:0004518
b1913,GO:0009381
b1914,GO:0000160
b1914,GO:0006355
b1914,GO:0005737
b1914,GO:0000156
b1914,GO:0003677
b1916,GO:0006355
b1916,GO:0051301
b1916,GO:2000144
b1916,GO:0003677
b1917,GO:0003333
b1917,GO:0006865
b1917,GO:0015811
b1917,GO:1903712
b1917,GO:0005886
b1917,GO:0043190
b1917,GO:0055052
b1917,GO:0005524
b1917,GO:0015184
b1917,GO:0015424
b1917,GO:0015426
b1917,GO:0016887
b1918,GO:0006791
b1918,GO:0006865
b1918,GO:0015811
b1918,GO:0015830
b1918,GO:0055085
b1918,GO:0071705
b1918,GO:1903712
b1918,GO:0005886
b1918,GO:0016020
b1918,GO:0043190
b1918,GO:0055052
b1918,GO:0015184
b1918,GO:0022857
b1919,GO:0006790
b1919,GO:0006791
b1919,GO:0010438
b1919,GO:0019447
b1919,GO:0046416
b1919,GO:0005829
b1919,GO:0005515
b1919,GO:0016829
b1919,GO:0019148
b1919,GO:0019149
b1919,GO:0030170
b1919,GO:0042803
b1920,GO:0006791
b1920,GO:0006865
b1920,GO:0015811
b1920,GO:0015830
b1920,GO:0034220
b1920,GO:1903712
b1920,GO:0016020
b1920,GO:0030288
b1920,GO:0042597
b1920,GO:0055052
b1920,GO:0015184
b1920,GO:0015276
b1920,GO:0016597
b1921,GO:0015074
b1921,GO:0045892
b1921,GO:1902021
b1921,GO:0001046
b1921,GO:0003677
b1921,GO:0016989
b1922,GO:0006351
b1922,GO:0006352
b1922,GO:0006355
b1922,GO:0010468
b1922,GO:0044780
b1922,GO:0071973
b1922,GO:2000142
b1922,GO:0000345
b1922,GO:0005737
b1922,GO:0005829
b1922,GO:0003677
b1922,GO:0003899
b1922,GO:0005515
b1922,GO:0016987
b1923,GO:0005576
b1923,GO:0009288
b1923,GO:0005198
b1923,GO:0005515
b1924,GO:0007155
b1924,GO:0071973
b1924,GO:0005576
b1924,GO:0009288
b1924,GO:0009421
b1924,GO:0009424
b1924,GO:0005515
b1925,GO:0044780
b1925,GO:0044781
b1925,GO:0071973
b1925,GO:0005737
b1925,GO:0005829
b1926,GO:0006457
b1926,GO:0044781
b1926,GO:0071973
b1926,GO:1902209
b1926,GO:0005737
b1926,GO:0005829
b1926,GO:0005515
b1927,GO:0005975
b1927,GO:0005737
b1927,GO:0004553
b1927,GO:0004556
b1927,GO:0005509
b1927,GO:0016798
b1927,GO:0046872
b1928,GO:0005886
b1929,GO:0005886
b1929,GO:0005515
b1930,GO:0006974
b1931,GO:0006508
b1931,GO:0006974
b1931,GO:0009432
b1931,GO:0106300
b1931,GO:0003677
b1931,GO:0003697
b1931,GO:0008233
b1931,GO:0016829
b1931,GO:0160129
b1932,GO:0016746
b1932,GO:0016747
b1937,GO:0006935
b1937,GO:0071973
b1937,GO:0097588
b1937,GO:0009288
b1937,GO:0009425
b1937,GO:0030694
b1937,GO:0003774
b1937,GO:0005198
b1938,GO:0071973
b1938,GO:0005829
b1938,GO:0005886
b1938,GO:0009288
b1938,GO:0009425
b1938,GO:0009431
b1938,GO:0030288
b1938,GO:0003774
b1938,GO:0005515
b1939,GO:0006935
b1939,GO:0044780
b1939,GO:0071973
b1939,GO:0071977
b1939,GO:0097588
b1939,GO:0005886
b1939,GO:0009288
b1939,GO:0009425
b1939,GO:0009433
b1939,GO:0120107
b1939,GO:0003774
b1939,GO:0005515
b1939,GO:0042802
b1940,GO:0006935
b1940,GO:0015031
b1940,GO:0030254
b1940,GO:0044781
b1940,GO:0071973
b1940,GO:0005737
b1940,GO:0005829
b1940,GO:0009288
b1940,GO:0030257
b1940,GO:0120102
b1940,GO:0003774
b1941,GO:0006754
b1941,GO:0006935
b1941,GO:0009058
b1941,GO:0015031
b1941,GO:0015986
b1941,GO:0030254
b1941,GO:0044780
b1941,GO:0044781
b1941,GO:0071973
b1941,GO:1902600
b1941,GO:0005737
b1941,GO:0009288
b1941,GO:0030257
b1941,GO:0045261
b1941,GO:0120102
b1941,GO:0005524
b1941,GO:0016887
b1941,GO:0042802
b1941,GO:0046933
b1941,GO:0046961
b1942,GO:0006935
b1942,GO:0015031
b1942,GO:0030254
b1942,GO:0044781
b1942,GO:0071973
b1942,GO:0005886
b1942,GO:0009288
b1942,GO:0016020
b1942,GO:0030257
b1942,GO:0120102
b1942,GO:0003774
b1942,GO:0005515
b1943,GO:0044780
b1943,GO:0044781
b1943,GO:0071973
b1943,GO:0009424
b1944,GO:0006935
b1944,GO:0071973
b1944,GO:0071978
b1944,GO:0097588
b1944,GO:0005886
b1944,GO:0009425
b1944,GO:0042802
b1945,GO:0006935
b1945,GO:0050918
b1945,GO:0071973
b1945,GO:0071977
b1945,GO:0071978
b1945,GO:0097588
b1945,GO:0005886
b1945,GO:0009288
b1945,GO:0009425
b1945,GO:0009433
b1945,GO:0120107
b1945,GO:0003774
b1945,GO:0005515
b1946,GO:0006935
b1946,GO:0071973
b1946,GO:0071977
b1946,GO:0097588
b1946,GO:0005886
b1946,GO:0009288
b1946,GO:0009425
b1946,GO:0009433
b1946,GO:0016020
b1946,GO:0120107
b1946,GO:0003774
b1946,GO:0005515
b1947,GO:0006935
b1947,GO:0030254
b1947,GO:0044781
b1947,GO:0071973
b1947,GO:0097588
b1947,GO:0005886
b1947,GO:0009288
b1947,GO:0009425
b1947,GO:0016020
b1947,GO:0030257
b1947,GO:0120102
b1948,GO:0006935
b1948,GO:0009306
b1948,GO:0015031
b1948,GO:0030254
b1948,GO:0044781
b1948,GO:0071973
b1948,GO:0005886
b1948,GO:0009288
b1948,GO:0009425
b1948,GO:0016020
b1948,GO:0030257
b1948,GO:0120102
b1949,GO:0006935
b1949,GO:0009306
b1949,GO:0030254
b1949,GO:0044780
b1949,GO:0071973
b1949,GO:0005886
b1949,GO:0009288
b1949,GO:0009425
b1949,GO:0016020
b1949,GO:0030257
b1949,GO:0120102
b1950,GO:0006605
b1950,GO:0006935
b1950,GO:0030254
b1950,GO:0044780
b1950,GO:0071973
b1950,GO:0005886
b1950,GO:0009288
b1950,GO:0009425
b1950,GO:0016020
b1950,GO:0030257
b1950,GO:0120102
b1951,GO:0006351
b1951,GO:0006355
b1951,GO:0045892
b1951,GO:0045893
b1951,GO:1901913
b1951,GO:1902021
b1951,GO:0005667
b1951,GO:0003677
b1953,GO:0044011
b1953,GO:0070301
b1953,GO:0071468
b1955,GO:0051479
b1955,GO:0005737
b1955,GO:0005829
b1955,GO:0000287
b1955,GO:0016787
b1955,GO:0016791
b1955,GO:0046872
b1955,GO:0050531
b1956,GO:0030244
b1956,GO:0043709
b1956,GO:1902201
b1956,GO:0005886
b1956,GO:0005515
b1956,GO:0005525
b1956,GO:0016740
b1956,GO:0046872
b1956,GO:0052621
b1958,GO:0005886
b1959,GO:0009636
b1959,GO:0005886
b1959,GO:0016020
b1960,GO:0006281
b1960,GO:0006298
b1960,GO:0003677
b1960,GO:0004519
b1960,GO:0005515
b1960,GO:0043765
b1960,GO:0046872
b1961,GO:0009307
b1961,GO:0032259
b1961,GO:0044027
b1961,GO:0003677
b1961,GO:0003886
b1961,GO:0005515
b1961,GO:0008168
b1963,GO:0043093
b1963,GO:0051301
b1963,GO:0005886
b1963,GO:0032153
b1967,GO:0006281
b1967,GO:0010447
b1967,GO:0019243
b1967,GO:0019249
b1967,GO:0030091
b1967,GO:0042245
b1967,GO:0051595
b1967,GO:0106044
b1967,GO:0005737
b1967,GO:0005829
b1967,GO:0005515
b1967,GO:0008270
b1967,GO:0016787
b1967,GO:0016790
b1967,GO:0016829
b1967,GO:0019172
b1967,GO:0036524
b1967,GO:0042803
b1967,GO:0046872
b1968,GO:0000160
b1968,GO:0006974
b1968,GO:0007165
b1968,GO:0016310
b1968,GO:0018106
b1968,GO:0046688
b1968,GO:1901530
b1968,GO:0005886
b1968,GO:0016020
b1968,GO:0000155
b1968,GO:0004672
b1968,GO:0004673
b1968,GO:0005515
b1968,GO:0005524
b1968,GO:0016301
b1968,GO:0016772
b1969,GO:0000160
b1969,GO:0006355
b1969,GO:0045892
b1969,GO:0045893
b1969,GO:0005737
b1969,GO:0005829
b1969,GO:0032993
b1969,GO:0000156
b1969,GO:0000976
b1969,GO:0003677
b1969,GO:0003700
b1969,GO:0005515
b1970,GO:0006144
b1970,GO:0051289
b1970,GO:0032991
b1970,GO:0042597
b1970,GO:0016787
b1970,GO:0033971
b1970,GO:0042802
b1971,GO:0030091
b1971,GO:1901530
b1971,GO:0030288
b1971,GO:0042597
b1971,GO:0016491
b1971,GO:0016667
b1971,GO:0016672
b1971,GO:0016675
b1971,GO:0043546
b1971,GO:0046872
b1972,GO:0030091
b1972,GO:0005886
b1972,GO:0005515
b1972,GO:0009055
b1972,GO:0010181
b1972,GO:0016679
b1972,GO:0020037
b1972,GO:0046872
b1973,GO:0006882
b1973,GO:0034224
b1973,GO:0070301
b1973,GO:0071276
b1973,GO:0005737
b1973,GO:0005829
b1973,GO:0030288
b1973,GO:0042597
b1973,GO:0008270
b1973,GO:0046870
b1973,GO:0046872
b1974,GO:0022904
b1974,GO:0005886
b1974,GO:0016020
b1974,GO:0009055
b1974,GO:0020037
b1974,GO:0046872
b1976,GO:0006508
b1976,GO:0005737
b1976,GO:0005829
b1976,GO:0004177
b1976,GO:0005515
b1976,GO:0008237
b1976,GO:0008270
b1976,GO:0046872
b1978,GO:0007155
b1978,GO:0043708
b1978,GO:0043709
b1978,GO:0009279
b1981,GO:0015733
b1981,GO:0055085
b1981,GO:0005886
b1981,GO:0016020
b1981,GO:0015293
b1981,GO:0015530
b1981,GO:0022857
b1982,GO:0009116
b1982,GO:0044209
b1982,GO:0046033
b1982,GO:0005737
b1982,GO:0005829
b1982,GO:0008714
b1982,GO:0016787
b1983,GO:0006355
b1983,GO:0005737
b1983,GO:0005829
b1983,GO:0003677
b1983,GO:0005515
b1985,GO:0015031
b1985,GO:0015833
b1985,GO:0035350
b1985,GO:0035442
b1985,GO:0042908
b1985,GO:0055085
b1985,GO:1901264
b1985,GO:0005886
b1985,GO:0016020
b1985,GO:0015230
b1985,GO:0015297
b1985,GO:0042910
b1985,GO:0044610
b1985,GO:0071916
b1987,GO:0006355
b1987,GO:0019344
b1987,GO:0045883
b1987,GO:0000976
b1987,GO:0003677
b1987,GO:0003700
b1988,GO:0006355
b1988,GO:0042128
b1988,GO:0045892
b1988,GO:0045893
b1988,GO:2000142
b1988,GO:0003677
b1988,GO:0003700
b1991,GO:0009236
b1991,GO:0008939
b1991,GO:0016757
b1992,GO:0009236
b1992,GO:0005886
b1992,GO:0008818
b1992,GO:0016740
b1992,GO:0051073
b1993,GO:0006779
b1993,GO:0006974
b1993,GO:0009236
b1993,GO:0016310
b1993,GO:0000166
b1993,GO:0005524
b1993,GO:0005525
b1993,GO:0008820
b1993,GO:0016301
b1993,GO:0043752
b1994,GO:0006310
b1994,GO:0006313
b1994,GO:0032196
b1994,GO:0003677
b1994,GO:0004803
b2000,GO:0005576
b2000,GO:0009279
b2000,GO:0009986
b2000,GO:0042597
b2001,GO:0005886
b2002,GO:0006508
b2002,GO:0008237
b2002,GO:0046872
b2004,GO:0031342
b2004,GO:0051495
b2004,GO:0005737
b2004,GO:0005515
b2004,GO:0008092
b2004,GO:0046872
b2005,GO:0001896
b2005,GO:0008360
b2005,GO:0051494
b2005,GO:2000245
b2005,GO:0005737
b2005,GO:0005515
b2005,GO:0008092
b2008,GO:0055085
b2008,GO:0005886
b2008,GO:0022857
b2009,GO:0006974
b2009,GO:2000104
b2009,GO:2000372
b2009,GO:0005737
b2009,GO:0008657
b2010,GO:0000270
b2010,GO:0006508
b2010,GO:0008360
b2010,GO:0009252
b2010,GO:0071555
b2010,GO:0005886
b2010,GO:0004180
b2010,GO:0008233
b2010,GO:0008658
b2010,GO:0008800
b2010,GO:0009002
b2011,GO:0006259
b2011,GO:0006274
b2011,GO:0006281
b2011,GO:0006308
b2011,GO:0000175
b2011,GO:0000287
b2011,GO:0003676
b2011,GO:0003677
b2011,GO:0003697
b2011,GO:0004527
b2011,GO:0005515
b2011,GO:0008310
b2011,GO:0046872
b2011,GO:0051575
b2012,GO:0005515
b2013,GO:0015709
b2013,GO:1902358
b2013,GO:0005886
b2013,GO:0015117
b2014,GO:0006865
b2014,GO:0015847
b2014,GO:0048870
b2014,GO:0055085
b2014,GO:1902600
b2014,GO:0005886
b2014,GO:0016020
b2014,GO:0015293
b2014,GO:0015295
b2014,GO:0015489
b2015,GO:0006355
b2015,GO:0000976
b2015,GO:0003677
b2015,GO:0003700
b2016,GO:0005737
b2016,GO:0005829
b2016,GO:0004029
b2016,GO:0005524
b2017,GO:0006355
b2017,GO:0040008
b2017,GO:0044010
b2017,GO:0045892
b2017,GO:0110001
b2017,GO:0003677
b2017,GO:0005515
b2017,GO:0015643
b2017,GO:0042803
b2017,GO:0043565
b2019,GO:0000105
b2019,GO:0005737
b2019,GO:0005829
b2019,GO:0000287
b2019,GO:0003879
b2019,GO:0005524
b2019,GO:0016757
b2019,GO:0046872
b2020,GO:0000105
b2020,GO:0005737
b2020,GO:0005829
b2020,GO:0004399
b2020,GO:0008270
b2020,GO:0016491
b2020,GO:0030145
b2020,GO:0046872
b2020,GO:0051287
b2021,GO:0000105
b2021,GO:0005829
b2021,GO:0004400
b2021,GO:0008483
b2021,GO:0030170
b2021,GO:0042802
b2022,GO:0000105
b2022,GO:0005737
b2022,GO:0004401
b2022,GO:0004424
b2022,GO:0005515
b2022,GO:0016787
b2022,GO:0016829
b2022,GO:0042802
b2022,GO:0046872
b2023,GO:0000105
b2023,GO:0006541
b2023,GO:0005737
b2023,GO:0009382
b2023,GO:0000107
b2023,GO:0004359
b2023,GO:0005515
b2023,GO:0016763
b2023,GO:0016787
b2023,GO:0016829
b2024,GO:0000105
b2024,GO:0000162
b2024,GO:0006974
b2024,GO:0005737
b2024,GO:0005829
b2024,GO:0003949
b2024,GO:0016853
b2025,GO:0000105
b2025,GO:0005737
b2025,GO:0005829
b2025,GO:0009382
b2025,GO:0000107
b2025,GO:0005515
b2025,GO:0016829
b2026,GO:0000105
b2026,GO:0005737
b2026,GO:0005829
b2026,GO:0004635
b2026,GO:0004636
b2026,GO:0005524
b2026,GO:0016787
b2027,GO:0009103
b2027,GO:0005886
b2027,GO:0016020
b2027,GO:0004713
b2028,GO:0000271
b2028,GO:0006065
b2028,GO:0009103
b2028,GO:0009242
b2028,GO:0003979
b2028,GO:0005515
b2028,GO:0016491
b2028,GO:0016616
b2028,GO:0051287
b2029,GO:0006098
b2029,GO:0009051
b2029,GO:0016054
b2029,GO:0019521
b2029,GO:0046177
b2029,GO:0005829
b2029,GO:0004616
b2029,GO:0016491
b2029,GO:0016616
b2029,GO:0042802
b2029,GO:0042803
b2029,GO:0050661
b2029,GO:0097216
b2032,GO:0009103
b2032,GO:0045226
b2032,GO:0005886
b2032,GO:0016740
b2032,GO:0016757
b2033,GO:0009103
b2033,GO:0005829
b2033,GO:0008374
b2033,GO:0016746
b2034,GO:0009103
b2034,GO:0005737
b2034,GO:0008921
b2034,GO:0016740
b2035,GO:0009103
b2035,GO:0005886
b2036,GO:0009103
b2036,GO:0005829
b2036,GO:0005515
b2036,GO:0008767
b2036,GO:0016853
b2036,GO:0042803
b2036,GO:0050660
b2037,GO:0006974
b2037,GO:0009103
b2037,GO:0009243
b2037,GO:0046677
b2037,GO:0005886
b2037,GO:0016020
b2038,GO:0006974
b2038,GO:0009103
b2038,GO:0009243
b2038,GO:0009411
b2038,GO:0019305
b2038,GO:0045226
b2038,GO:0046677
b2038,GO:0005829
b2038,GO:0005515
b2038,GO:0008830
b2038,GO:0016853
b2039,GO:0009103
b2039,GO:0009243
b2039,GO:0019305
b2039,GO:0045226
b2039,GO:0051289
b2039,GO:0005829
b2039,GO:0008879
b2039,GO:0016779
b2039,GO:0042802
b2039,GO:0046872
b2040,GO:0009103
b2040,GO:0009243
b2040,GO:0019305
b2040,GO:0045226
b2040,GO:0005829
b2040,GO:0008831
b2040,GO:0016491
b2040,GO:0046872
b2041,GO:0009103
b2041,GO:0009225
b2041,GO:0009226
b2041,GO:0009243
b2041,GO:0019305
b2041,GO:0045226
b2041,GO:0005829
b2041,GO:0008460
b2041,GO:0016829
b2041,GO:0042802
b2041,GO:0051287
b2042,GO:0006011
b2042,GO:0009058
b2042,GO:0009103
b2042,GO:0009225
b2042,GO:0005829
b2042,GO:0003983
b2042,GO:0016779
b2042,GO:0030234
b2043,GO:0009103
b2043,GO:0045228
b2044,GO:0009103
b2044,GO:0045228
b2044,GO:0046377
b2044,GO:0016757
b2045,GO:0009103
b2045,GO:0009242
b2045,GO:0045228
b2045,GO:0016740
b2046,GO:0009103
b2046,GO:0009242
b2046,GO:0005886
b2046,GO:0016020
b2047,GO:0009103
b2047,GO:0009242
b2047,GO:0005886
b2047,GO:0016757
b2047,GO:0089702
b2050,GO:0009103
b2050,GO:0009242
b2050,GO:0045228
b2050,GO:0016740
b2050,GO:0016757
b2050,GO:0046920
b2051,GO:0009103
b2051,GO:0000287
b2051,GO:0008727
b2051,GO:0016787
b2051,GO:0030145
b2051,GO:0042802
b2051,GO:0042803
b2051,GO:0046872
b2051,GO:0047917
b2052,GO:0009226
b2052,GO:0009242
b2052,GO:0042351
b2052,GO:0005737
b2052,GO:0016491
b2052,GO:0016853
b2052,GO:0042803
b2052,GO:0050577
b2052,GO:0070401
b2053,GO:0009242
b2053,GO:0019673
b2053,GO:0042351
b2053,GO:0005737
b2053,GO:0008446
b2053,GO:0016829
b2053,GO:0042803
b2053,GO:0070401
b2054,GO:0009103
b2054,GO:0009242
b2054,GO:0044010
b2054,GO:0045228
b2054,GO:0005829
b2054,GO:0008374
b2054,GO:0016413
b2054,GO:0016740
b2054,GO:0016746
b2054,GO:0016747
b2055,GO:0009103
b2055,GO:0009242
b2055,GO:0045228
b2055,GO:0008417
b2055,GO:0016740
b2056,GO:0009103
b2056,GO:0045228
b2056,GO:0046377
b2056,GO:0005886
b2057,GO:0009103
b2057,GO:0009242
b2057,GO:0045228
b2057,GO:0016740
b2057,GO:0016757
b2057,GO:0016758
b2057,GO:0035250
b2058,GO:0006535
b2058,GO:0009103
b2058,GO:0009242
b2058,GO:0045228
b2058,GO:0005737
b2058,GO:0009001
b2058,GO:0016407
b2058,GO:0016413
b2058,GO:0016746
b2058,GO:0016747
b2059,GO:0009103
b2059,GO:0009242
b2059,GO:0045228
b2059,GO:0015020
b2059,GO:0016740
b2059,GO:0016757
b2060,GO:0000271
b2060,GO:0009242
b2060,GO:0016310
b2060,GO:0045226
b2060,GO:0005886
b2060,GO:0016020
b2060,GO:0004713
b2060,GO:0005524
b2060,GO:0016887
b2060,GO:0042802
b2061,GO:0000271
b2061,GO:0006470
b2061,GO:0009242
b2061,GO:0004721
b2061,GO:0004725
b2062,GO:0000271
b2062,GO:0006811
b2062,GO:0015774
b2062,GO:0046377
b2062,GO:0055085
b2062,GO:0009279
b2062,GO:0046930
b2062,GO:0015159
b2062,GO:0015288
b2063,GO:0005886
b2063,GO:0016020
b2063,GO:0050660
b2064,GO:0090313
b2064,GO:0005886
b2064,GO:0042597
b2065,GO:0006226
b2065,GO:0006229
b2065,GO:0006235
b2065,GO:0009117
b2065,GO:0009314
b2065,GO:0015949
b2065,GO:0070207
b2065,GO:0005829
b2065,GO:0032991
b2065,GO:0000166
b2065,GO:0008829
b2065,GO:0016787
b2065,GO:0042802
b2066,GO:0008655
b2066,GO:0009224
b2066,GO:0016310
b2066,GO:0044206
b2066,GO:0044211
b2066,GO:0005737
b2066,GO:0005829
b2066,GO:0004849
b2066,GO:0005524
b2066,GO:0016301
b2066,GO:0016773
b2066,GO:0043771
b2067,GO:1900231
b2067,GO:0005886
b2067,GO:0005515
b2067,GO:0005525
b2067,GO:0016740
b2067,GO:0046872
b2067,GO:0052621
b2068,GO:0006281
b2068,GO:0006284
b2068,GO:0006285
b2068,GO:0006307
b2068,GO:0006950
b2068,GO:0006974
b2068,GO:0005737
b2068,GO:0032993
b2068,GO:0003905
b2068,GO:0005515
b2068,GO:0008725
b2068,GO:0016787
b2068,GO:0032131
b2068,GO:0043916
b2068,GO:0052821
b2068,GO:0052822
b2069,GO:0042026
b2069,GO:0051085
b2069,GO:0005829
b2069,GO:0005524
b2069,GO:0016887
b2069,GO:0031072
b2069,GO:0044183
b2069,GO:0140662
b2070,GO:0006468
b2070,GO:0016310
b2070,GO:0004672
b2070,GO:0005524
b2070,GO:0016301
b2072,GO:0004721
b2072,GO:0004722
b2072,GO:0016791
b2072,GO:0017018
b2074,GO:0015721
b2074,GO:0042908
b2074,GO:0055085
b2074,GO:0140330
b2074,GO:0005886
b2074,GO:0016020
b2074,GO:0098567
b2074,GO:1990281
b2074,GO:0015125
b2074,GO:0015562
b2074,GO:0022857
b2075,GO:0015721
b2075,GO:0042908
b2075,GO:0055085
b2075,GO:0140330
b2075,GO:0005886
b2075,GO:0016020
b2075,GO:0098567
b2075,GO:1990281
b2075,GO:0005515
b2075,GO:0015125
b2075,GO:0022857
b2075,GO:0042910
b2076,GO:0015721
b2076,GO:0042908
b2076,GO:0055085
b2076,GO:0140330
b2076,GO:0005886
b2076,GO:0016020
b2076,GO:0098567
b2076,GO:1990281
b2076,GO:0005515
b2076,GO:0015125
b2076,GO:0022857
b2076,GO:0042910
b2077,GO:0055085
b2077,GO:0005886
b2077,GO:0016020
b2077,GO:0022857
b2078,GO:0000160
b2078,GO:0007165
b2078,GO:0016310
b2078,GO:0018106
b2078,GO:0036460
b2078,GO:0005886
b2078,GO:0016020
b2078,GO:0000155
b2078,GO:0004673
b2078,GO:0005524
b2078,GO:0016301
b2079,GO:0000160
b2079,GO:0006355
b2079,GO:2000144
b2079,GO:2001023
b2079,GO:0005737
b2079,GO:0005829
b2079,GO:0032993
b2079,GO:0000156
b2079,GO:0000976
b2079,GO:0000987
b2079,GO:0003677
b2079,GO:0042802
b2080,GO:0006302
b2081,GO:0002098
b2081,GO:0006400
b2081,GO:0006508
b2081,GO:0008033
b2081,GO:0005829
b2081,GO:0008233
b2082,GO:0045893
b2086,GO:0006665
b2086,GO:0008654
b2086,GO:0016310
b2086,GO:0005737
b2086,GO:0000287
b2086,GO:0001727
b2086,GO:0005515
b2086,GO:0005524
b2086,GO:0016301
b2086,GO:0046872
b2091,GO:0019402
b2091,GO:0019404
b2091,GO:0005829
b2091,GO:0008270
b2091,GO:0008868
b2091,GO:0016491
b2091,GO:0016616
b2091,GO:0042802
b2091,GO:0042803
b2091,GO:0046872
b2093,GO:0009401
b2093,GO:0015796
b2093,GO:0019402
b2093,GO:0005737
b2093,GO:0005829
b2093,GO:1902495
b2093,GO:0008982
b2093,GO:0016740
b2093,GO:0090563
b2093,GO:0090584
b2094,GO:0009401
b2094,GO:0015796
b2094,GO:0016310
b2094,GO:0019402
b2094,GO:0005737
b2094,GO:0005829
b2094,GO:1902495
b2094,GO:0016301
b2094,GO:0030295
b2094,GO:0090584
b2095,GO:0009401
b2095,GO:0019402
b2095,GO:0019404
b2095,GO:2001059
b2095,GO:0005886
b2095,GO:1902494
b2095,GO:0008047
b2096,GO:0019402
b2096,GO:0019404
b2096,GO:2001059
b2096,GO:0005829
b2096,GO:1902494
b2096,GO:0005515
b2096,GO:0008270
b2096,GO:0009025
b2096,GO:0016829
b2096,GO:0046872
b2097,GO:0006096
b2097,GO:0005737
b2097,GO:0005829
b2097,GO:0016020
b2097,GO:0003824
b2097,GO:0004332
b2097,GO:0005515
b2097,GO:0016829
b2097,GO:0042802
b2098,GO:0015858
b2098,GO:0015861
b2098,GO:0015862
b2098,GO:1901642
b2098,GO:0005886
b2098,GO:0016020
b2098,GO:0005337
b2098,GO:0015212
b2098,GO:0015213
b2099,GO:0016787
b2100,GO:0016310
b2100,GO:0016301
b2100,GO:0016772
b2101,GO:0006355
b2101,GO:0045892
b2101,GO:0003677
b2101,GO:0003700
b2102,GO:0009253
b2102,GO:0016052
b2102,GO:0016998
b2102,GO:0003796
b2102,GO:0016798
b2103,GO:0009228
b2103,GO:0009229
b2103,GO:0016310
b2103,GO:0036172
b2103,GO:0005829
b2103,GO:0003824
b2103,GO:0005524
b2103,GO:0008902
b2103,GO:0008972
b2103,GO:0016301
b2104,GO:0009228
b2104,GO:0009229
b2104,GO:0016310
b2104,GO:0036172
b2104,GO:0005829
b2104,GO:0000287
b2104,GO:0003824
b2104,GO:0004417
b2104,GO:0005524
b2104,GO:0016301
b2104,GO:0042802
b2104,GO:0046872
b2104,GO:0052673
b2105,GO:0006355
b2105,GO:0045892
b2105,GO:0005737
b2105,GO:0003677
b2105,GO:0046872
b2106,GO:0006824
b2106,GO:0010045
b2106,GO:0015675
b2106,GO:0032025
b2106,GO:0035444
b2106,GO:0035785
b2106,GO:0005886
b2106,GO:0015099
b2107,GO:0006974
b2107,GO:0010045
b2107,GO:0032025
b2107,GO:1901652
b2107,GO:0005829
b2107,GO:0030288
b2107,GO:0042597
b2107,GO:0005507
b2108,GO:0007155
b2108,GO:0043709
b2108,GO:0009289
b2109,GO:0006974
b2109,GO:0009297
b2109,GO:0055085
b2109,GO:0009279
b2109,GO:0016020
b2109,GO:0015473
b2110,GO:0061077
b2110,GO:0071555
b2110,GO:0030288
b2110,GO:0042597
b2111,GO:0007155
b2111,GO:0043709
b2111,GO:0009289
b2113,GO:0016226
b2113,GO:0005829
b2113,GO:0005524
b2113,GO:0016787
b2113,GO:0016887
b2113,GO:0046872
b2113,GO:0051536
b2113,GO:0051539
b2113,GO:0140663
b2114,GO:0006412
b2114,GO:0006418
b2114,GO:0006431
b2114,GO:0005737
b2114,GO:0005829
b2114,GO:0016020
b2114,GO:0000049
b2114,GO:0004812
b2114,GO:0004825
b2114,GO:0005515
b2114,GO:0005524
b2114,GO:0008270
b2114,GO:0042803
b2114,GO:0046872
b2119,GO:0005515
b2119,GO:0005524
b2119,GO:0016887
b2120,GO:0005829
b2121,GO:0071978
b2123,GO:0005886
b2125,GO:0000160
b2125,GO:0006355
b2125,GO:0005829
b2125,GO:0032993
b2125,GO:0000156
b2125,GO:0000976
b2125,GO:0003677
b2125,GO:0005515
b2126,GO:0000160
b2126,GO:0007165
b2126,GO:0016310
b2126,GO:0018106
b2126,GO:0031667
b2126,GO:0071555
b2126,GO:0005886
b2126,GO:0016020
b2126,GO:0000155
b2126,GO:0004673
b2126,GO:0005515
b2126,GO:0005524
b2126,GO:0016301
b2126,GO:0033293
b2127,GO:0006355
b2127,GO:0003677
b2127,GO:0003700
b2127,GO:0005515
b2128,GO:0006865
b2128,GO:0015838
b2128,GO:0031460
b2128,GO:0055085
b2128,GO:0005886
b2128,GO:0016020
b2128,GO:0055052
b2129,GO:0006865
b2129,GO:0015838
b2129,GO:0031460
b2129,GO:0016020
b2129,GO:0055052
b2129,GO:0005524
b2129,GO:0016887
b2129,GO:0031459
b2130,GO:0006865
b2130,GO:0015838
b2130,GO:0031460
b2130,GO:0055085
b2130,GO:0005886
b2130,GO:0016020
b2130,GO:0055052
b2130,GO:0005515
b2132,GO:0005975
b2132,GO:0009251
b2132,GO:0030288
b2132,GO:0042597
b2132,GO:0004553
b2132,GO:0008422
b2132,GO:0015926
b2132,GO:0016798
b2133,GO:0006089
b2133,GO:0009060
b2133,GO:0009061
b2133,GO:0022904
b2133,GO:0055085
b2133,GO:0005886
b2133,GO:0009898
b2133,GO:0031234
b2133,GO:0009055
b2133,GO:0016491
b2133,GO:0016901
b2133,GO:0048038
b2133,GO:0050660
b2133,GO:0071949
b2133,GO:0102029
b2134,GO:0000270
b2134,GO:0006508
b2134,GO:0008360
b2134,GO:0009252
b2134,GO:0009410
b2134,GO:0043093
b2134,GO:0071555
b2134,GO:0042597
b2134,GO:0004175
b2134,GO:0005515
b2134,GO:0008233
b2134,GO:0009002
b2134,GO:0016787
b2135,GO:0006974
b2135,GO:0005886
b2135,GO:0016020
b2136,GO:0043093
b2136,GO:0005886
b2137,GO:0016491
b2140,GO:0002943
b2140,GO:0008033
b2140,GO:0000049
b2140,GO:0010181
b2140,GO:0016491
b2140,GO:0017150
b2140,GO:0050660
b2140,GO:0102262
b2141,GO:0005886
b2141,GO:0016020
b2142,GO:0005886
b2143,GO:0006217
b2143,GO:0009972
b2143,GO:0015949
b2143,GO:0055086
b2143,GO:0072527
b2143,GO:1901135
b2143,GO:0005737
b2143,GO:0005829
b2143,GO:0001884
b2143,GO:0004126
b2143,GO:0008270
b2143,GO:0016787
b2143,GO:0042802
b2143,GO:0042803
b2143,GO:0046872
b2144,GO:0009410
b2144,GO:0090549
b2144,GO:0005886
b2144,GO:0030288
b2145,GO:0016020
b2146,GO:0006208
b2146,GO:0006210
b2146,GO:0006212
b2146,GO:0140690
b2146,GO:1990204
b2146,GO:0003954
b2146,GO:0004159
b2146,GO:0005515
b2146,GO:0016491
b2146,GO:0050660
b2146,GO:0051536
b2146,GO:0051539
b2147,GO:0006208
b2147,GO:0006210
b2147,GO:0006212
b2147,GO:0071978
b2147,GO:0005737
b2147,GO:0140690
b2147,GO:1990204
b2147,GO:0003954
b2147,GO:0004159
b2147,GO:0005515
b2147,GO:0010181
b2147,GO:0016491
b2147,GO:0016627
b2147,GO:0046872
b2147,GO:0051536
b2147,GO:0051539
b2148,GO:0006974
b2148,GO:0015757
b2148,GO:0015765
b2148,GO:0055085
b2148,GO:0005886
b2148,GO:0016020
b2148,GO:0055052
b2148,GO:0005354
b2148,GO:0015592
b2148,GO:0022857
b2149,GO:0006974
b2149,GO:0015757
b2149,GO:0015765
b2149,GO:0005886
b2149,GO:0016020
b2149,GO:0055052
b2149,GO:0005354
b2149,GO:0005524
b2149,GO:0015592
b2149,GO:0016887
b2150,GO:0006935
b2150,GO:0015757
b2150,GO:0015765
b2150,GO:0016020
b2150,GO:0030288
b2150,GO:0042597
b2150,GO:0055052
b2150,GO:0005509
b2150,GO:0030246
b2150,GO:0046872
b2151,GO:0006355
b2151,GO:0000976
b2151,GO:0003677
b2151,GO:0003700
b2151,GO:0005515
b2152,GO:0005886
b2153,GO:0006729
b2153,GO:0006730
b2153,GO:0008616
b2153,GO:0046654
b2153,GO:0005737
b2153,GO:0005829
b2153,GO:0032991
b2153,GO:0003934
b2153,GO:0005525
b2153,GO:0008270
b2153,GO:0016787
b2153,GO:0042802
b2153,GO:0046872
b2154,GO:0046294
b2154,GO:0051289
b2154,GO:0005829
b2154,GO:0032991
b2154,GO:0004416
b2154,GO:0016788
b2154,GO:0018738
b2154,GO:0042802
b2154,GO:0052689
b2155,GO:0006811
b2155,GO:0006826
b2155,GO:0006879
b2155,GO:0033214
b2155,GO:0043213
b2155,GO:0044718
b2155,GO:0009279
b2155,GO:0016020
b2155,GO:1902495
b2155,GO:0015343
b2155,GO:0015344
b2155,GO:0042912
b2156,GO:0003333
b2156,GO:0006865
b2156,GO:0043200
b2156,GO:0055085
b2156,GO:0097639
b2156,GO:0005886
b2156,GO:0016020
b2156,GO:0005515
b2156,GO:0015171
b2156,GO:0015189
b2156,GO:0042802
b2157,GO:0006351
b2157,GO:0006355
b2157,GO:0000976
b2157,GO:0003677
b2157,GO:0003700
b2158,GO:0005886
b2158,GO:0016020
b2159,GO:0006281
b2159,GO:0006284
b2159,GO:0005829
b2159,GO:0003677
b2159,GO:0003906
b2159,GO:0004519
b2159,GO:0008081
b2159,GO:0008270
b2159,GO:0008296
b2159,GO:0008833
b2159,GO:0016791
b2159,GO:0046872
b2160,GO:0016310
b2160,GO:0016301
b2160,GO:0016772
b2161,GO:1901642
b2161,GO:0005886
b2161,GO:0016020
b2161,GO:0005337
b2161,GO:0015293
b2162,GO:0006139
b2162,GO:0006152
b2162,GO:0006206
b2162,GO:0046133
b2162,GO:0051289
b2162,GO:0005829
b2162,GO:0032991
b2162,GO:0005509
b2162,GO:0008477
b2162,GO:0016798
b2162,GO:0042802
b2162,GO:0045437
b2162,GO:0046872
b2162,GO:0050263
b2163,GO:0006351
b2163,GO:0006355
b2163,GO:0005737
b2163,GO:0005829
b2163,GO:0003677
b2163,GO:0003700
b2163,GO:0046872
b2163,GO:0051539
b2164,GO:1901642
b2164,GO:0005886
b2164,GO:0016020
b2164,GO:0005337
b2164,GO:0015293
b2165,GO:0001522
b2165,GO:0046113
b2165,GO:0005737
b2165,GO:0032991
b2165,GO:0004730
b2165,GO:0016798
b2165,GO:0016829
b2165,GO:0030145
b2165,GO:0042802
b2165,GO:0046872
b2166,GO:0016310
b2166,GO:0005524
b2166,GO:0016301
b2166,GO:0016772
b2166,GO:0050225
b2167,GO:0009401
b2167,GO:0016310
b2167,GO:1902600
b2167,GO:1990539
b2167,GO:0005886
b2167,GO:0016020
b2167,GO:1902495
b2167,GO:0005351
b2167,GO:0005515
b2167,GO:0016301
b2167,GO:0022877
b2167,GO:0090563
b2167,GO:0090582
b2168,GO:0005975
b2168,GO:0006001
b2168,GO:0016310
b2168,GO:0046835
b2168,GO:0005829
b2168,GO:0005524
b2168,GO:0008443
b2168,GO:0008662
b2168,GO:0016301
b2168,GO:0016772
b2169,GO:0009401
b2169,GO:0016310
b2169,GO:1990539
b2169,GO:0005737
b2169,GO:0005886
b2169,GO:1902495
b2169,GO:0005515
b2169,GO:0016301
b2169,GO:0022877
b2169,GO:0090563
b2170,GO:0007059
b2170,GO:0008643
b2170,GO:0015767
b2170,GO:0034219
b2170,GO:0036448
b2170,GO:0055085
b2170,GO:1902600
b2170,GO:1904659
b2170,GO:0005886
b2170,GO:0016020
b2170,GO:0005351
b2171,GO:0006414
b2171,GO:0043043
b2171,GO:0005737
b2171,GO:0005829
b2171,GO:0003746
b2172,GO:0019594
b2172,GO:0016491
b2172,GO:0016616
b2173,GO:0005737
b2173,GO:0003924
b2173,GO:0005525
b2173,GO:0008270
b2173,GO:0016787
b2173,GO:0046872
b2174,GO:0009103
b2174,GO:0009245
b2174,GO:0043165
b2174,GO:1903412
b2174,GO:0005886
b2174,GO:0016740
b2174,GO:0016776
b2174,GO:0050380
b2175,GO:0000270
b2175,GO:0006508
b2175,GO:0009254
b2175,GO:0045227
b2175,GO:0071555
b2175,GO:0009279
b2175,GO:0004175
b2175,GO:0005515
b2175,GO:0008234
b2175,GO:0106415
b2176,GO:0005829
b2176,GO:0005886
b2176,GO:0030288
b2176,GO:0016787
b2176,GO:0071111
b2177,GO:0006857
b2177,GO:0015833
b2177,GO:0035672
b2177,GO:0042884
b2177,GO:0055085
b2177,GO:0016020
b2177,GO:0030288
b2177,GO:0043190
b2177,GO:0055052
b2177,GO:0015421
b2177,GO:1904680
b2178,GO:0015833
b2178,GO:0035672
b2178,GO:0042884
b2178,GO:0055085
b2178,GO:0005886
b2178,GO:0016020
b2178,GO:0055052
b2179,GO:0015833
b2179,GO:0035672
b2179,GO:0042884
b2179,GO:0055085
b2179,GO:0005886
b2179,GO:0016020
b2179,GO:0055052
b2180,GO:0015833
b2180,GO:0035672
b2180,GO:0042884
b2180,GO:0005886
b2180,GO:0016020
b2180,GO:0055052
b2180,GO:0005515
b2180,GO:0005524
b2180,GO:0016887
b2180,GO:0022857
b2180,GO:0042626
b2181,GO:0005515
b2182,GO:0015031
b2182,GO:0015833
b2182,GO:0033228
b2182,GO:0035442
b2182,GO:0035725
b2182,GO:0046677
b2182,GO:1990961
b2182,GO:0005886
b2182,GO:0016020
b2182,GO:0015385
b2182,GO:0033229
b2182,GO:0042910
b2182,GO:0071916
b2183,GO:0000455
b2183,GO:0001522
b2183,GO:0006364
b2183,GO:0005829
b2183,GO:0003723
b2183,GO:0005515
b2183,GO:0009982
b2183,GO:0016853
b2183,GO:0120159
b2183,GO:0160136
b2184,GO:0006281
b2184,GO:0006301
b2184,GO:0006302
b2184,GO:0006412
b2184,GO:0009410
b2184,GO:0010212
b2184,GO:0051301
b2184,GO:0003677
b2184,GO:0003697
b2184,GO:0004386
b2184,GO:0005515
b2184,GO:0005524
b2184,GO:0008270
b2184,GO:0016787
b2184,GO:0016887
b2184,GO:0046872
b2185,GO:0000027
b2185,GO:0002181
b2185,GO:0006412
b2185,GO:0009314
b2185,GO:0017148
b2185,GO:0005737
b2185,GO:0005829
b2185,GO:0005840
b2185,GO:0022625
b2185,GO:1990904
b2185,GO:0003723
b2185,GO:0003735
b2185,GO:0008097
b2185,GO:0019843
b2186,GO:0005737
b2186,GO:0009295
b2186,GO:0043590
b2186,GO:0003690
b2186,GO:0003727
b2186,GO:0005515
b2186,GO:0042802
b2187,GO:0005829
b2193,GO:0000160
b2193,GO:0006355
b2193,GO:0042128
b2193,GO:0003677
b2193,GO:0005524
b2194,GO:0017004
b2194,GO:0005886
b2194,GO:0005515
b2194,GO:0015035
b2194,GO:0046872
b2196,GO:0015886
b2196,GO:0017004
b2196,GO:0005886
b2196,GO:0016020
b2196,GO:0005515
b2196,GO:0015232
b2196,GO:0016679
b2196,GO:0020037
b2197,GO:0017003
b2197,GO:0017004
b2197,GO:1903607
b2197,GO:1904334
b2197,GO:0005886
b2197,GO:0043190
b2197,GO:0005515
b2197,GO:0020037
b2197,GO:0046872
b2198,GO:0015886
b2198,GO:0017004
b2198,GO:1903607
b2198,GO:1904334
b2198,GO:0005886
b2198,GO:0016020
b2198,GO:0043190
b2198,GO:0005515
b2199,GO:0015886
b2199,GO:0017004
b2199,GO:1903607
b2199,GO:1904334
b2199,GO:0005886
b2199,GO:0016020
b2199,GO:0043190
b2199,GO:0005515
b2199,GO:0015232
b2199,GO:0020037
b2200,GO:0015886
b2200,GO:0017004
b2200,GO:1903607
b2200,GO:1904334
b2200,GO:0005886
b2200,GO:0016020
b2200,GO:0043190
b2200,GO:0005515
b2200,GO:0015232
b2201,GO:0017004
b2201,GO:1903607
b2201,GO:1904334
b2201,GO:0005886
b2201,GO:0043190
b2201,GO:0005515
b2201,GO:0005524
b2201,GO:0015439
b2201,GO:0016887
b2201,GO:0022857
b2202,GO:0009061
b2202,GO:0019333
b2202,GO:0005886
b2202,GO:0016020
b2202,GO:0009055
b2202,GO:0020037
b2202,GO:0046872
b2203,GO:0009061
b2203,GO:0042128
b2203,GO:0009325
b2203,GO:0042597
b2203,GO:0005515
b2203,GO:0046872
b2204,GO:0005886
b2204,GO:0016020
b2204,GO:0046872
b2204,GO:0051539
b2205,GO:0005886
b2205,GO:0042597
b2205,GO:0046872
b2205,GO:0051539
b2206,GO:0006777
b2206,GO:0009061
b2206,GO:0042128
b2206,GO:0045333
b2206,GO:0009325
b2206,GO:0016020
b2206,GO:0030288
b2206,GO:0042597
b2206,GO:1990204
b2206,GO:0005506
b2206,GO:0005515
b2206,GO:0008940
b2206,GO:0009055
b2206,GO:0016491
b2206,GO:0030151
b2206,GO:0043546
b2206,GO:0046872
b2206,GO:0050140
b2206,GO:0051539
b2207,GO:0051224
b2207,GO:0005737
b2207,GO:0005048
b2207,GO:0005515
b2208,GO:0006979
b2208,GO:0005737
b2208,GO:0005515
b2208,GO:0046872
b2208,GO:0051539
b2209,GO:0006952
b2209,GO:0010466
b2209,GO:0030288
b2209,GO:0042597
b2209,GO:0004867
b2209,GO:0005515
b2209,GO:0042803
b2210,GO:0006099
b2210,GO:0005737
b2210,GO:0005829
b2210,GO:0009898
b2210,GO:0008924
b2210,GO:0016491
b2210,GO:0016614
b2210,GO:0050660
b2211,GO:0015833
b2211,GO:0042884
b2211,GO:0046677
b2211,GO:0055085
b2211,GO:0005886
b2211,GO:0016020
b2211,GO:0043190
b2211,GO:0005524
b2211,GO:0016887
b2211,GO:0042626
b2211,GO:0140359
b2211,GO:1904680
b2212,GO:0006281
b2212,GO:0006307
b2212,GO:0035513
b2212,GO:0042245
b2212,GO:0070989
b2212,GO:0072702
b2212,GO:0005737
b2212,GO:0005829
b2212,GO:0005515
b2212,GO:0008198
b2212,GO:0035515
b2212,GO:0035516
b2212,GO:0046872
b2212,GO:0051213
b2213,GO:0006259
b2213,GO:0006281
b2213,GO:0006307
b2213,GO:0006355
b2213,GO:0006974
b2213,GO:0032259
b2213,GO:0045892
b2213,GO:0045893
b2213,GO:0003677
b2213,GO:0003700
b2213,GO:0003908
b2213,GO:0005515
b2213,GO:0008168
b2213,GO:0008270
b2213,GO:0043565
b2213,GO:0046872
b2215,GO:0006811
b2215,GO:0006974
b2215,GO:0034220
b2215,GO:0046718
b2215,GO:0046813
b2215,GO:0120010
b2215,GO:0009279
b2215,GO:0046930
b2215,GO:0001618
b2215,GO:0005515
b2215,GO:0015288
b2215,GO:0042802
b2215,GO:0046872
b2216,GO:0000160
b2216,GO:0016310
b2216,GO:0005886
b2216,GO:0000155
b2216,GO:0005515
b2216,GO:0005524
b2216,GO:0009927
b2216,GO:0016301
b2216,GO:0016774
b2217,GO:0000160
b2217,GO:0006351
b2217,GO:0006355
b2217,GO:0031346
b2217,GO:0043470
b2217,GO:0044011
b2217,GO:0045892
b2217,GO:0045893
b2217,GO:0046677
b2217,GO:1901913
b2217,GO:1902021
b2217,GO:1990451
b2217,GO:0005667
b2217,GO:0005829
b2217,GO:0001216
b2217,GO:0001217
b2217,GO:0003677
b2217,GO:0005515
b2217,GO:0042802
b2218,GO:0000160
b2218,GO:0006355
b2218,GO:0016310
b2218,GO:0018106
b2218,GO:0044010
b2218,GO:0046777
b2218,GO:0071470
b2218,GO:0005829
b2218,GO:0005886
b2218,GO:0030288
b2218,GO:0000155
b2218,GO:0004673
b2218,GO:0004721
b2218,GO:0005515
b2218,GO:0005524
b2218,GO:0016301
b2219,GO:0000160
b2219,GO:0006355
b2219,GO:0007165
b2219,GO:0016310
b2219,GO:0018106
b2219,GO:1904583
b2219,GO:0005886
b2219,GO:0016020
b2219,GO:0000155
b2219,GO:0004673
b2219,GO:0005524
b2219,GO:0016301
b2219,GO:0042803
b2220,GO:0000160
b2220,GO:0006355
b2220,GO:0045893
b2220,GO:0005737
b2220,GO:0003677
b2220,GO:0003700
b2220,GO:0005524
b2220,GO:0016887
b2220,GO:0043565
b2221,GO:0006631
b2221,GO:0046459
b2221,GO:0005737
b2221,GO:0008410
b2221,GO:0008775
b2221,GO:0016740
b2221,GO:0047371
b2222,GO:0006631
b2222,GO:0046459
b2222,GO:0005737
b2222,GO:0005515
b2222,GO:0008410
b2222,GO:0008775
b2222,GO:0016740
b2222,GO:0047371
b2223,GO:0005886
b2224,GO:0006631
b2224,GO:0043442
b2224,GO:0044281
b2224,GO:0005737
b2224,GO:0032991
b2224,GO:0003985
b2224,GO:0016746
b2224,GO:0016747
b2224,GO:0042802
b2230,GO:0005829
b2231,GO:0006261
b2231,GO:0006265
b2231,GO:0006351
b2231,GO:0009410
b2231,GO:0046677
b2231,GO:0051276
b2231,GO:2000104
b2231,GO:0005694
b2231,GO:0005737
b2231,GO:0005829
b2231,GO:0009330
b2231,GO:0016020
b2231,GO:0003677
b2231,GO:0003916
b2231,GO:0003918
b2231,GO:0005515
b2231,GO:0005524
b2231,GO:0008094
b2231,GO:0034335
b2231,GO:0042802
b2232,GO:0006744
b2232,GO:0032259
b2232,GO:0042538
b2232,GO:0005737
b2232,GO:0005829
b2232,GO:0009898
b2232,GO:0110142
b2232,GO:0005515
b2232,GO:0008168
b2232,GO:0008425
b2232,GO:0010420
b2232,GO:0061542
b2232,GO:0102208
b2232,GO:1901611
b2233,GO:0006508
b2233,GO:0007155
b2233,GO:0009411
b2233,GO:0043709
b2233,GO:0005576
b2233,GO:0009279
b2233,GO:0009986
b2233,GO:0019867
b2233,GO:0042597
b2233,GO:0008236
b2234,GO:0006457
b2234,GO:0009185
b2234,GO:0009263
b2234,GO:0009265
b2234,GO:0015949
b2234,GO:0005829
b2234,GO:0005971
b2234,GO:0004748
b2234,GO:0005515
b2234,GO:0005524
b2234,GO:0016491
b2234,GO:0042802
b2234,GO:0044183
b2235,GO:0009185
b2235,GO:0009263
b2235,GO:0009265
b2235,GO:0015949
b2235,GO:0005737
b2235,GO:0005829
b2235,GO:0005971
b2235,GO:0004748
b2235,GO:0005506
b2235,GO:0005515
b2235,GO:0016491
b2235,GO:0042802
b2235,GO:0046872
b2236,GO:0006124
b2236,GO:0030091
b2236,GO:0005737
b2236,GO:0009055
b2236,GO:0046872
b2236,GO:0051537
b2237,GO:0005886
b2239,GO:0006071
b2239,GO:0006629
b2239,GO:0046475
b2239,GO:0042597
b2239,GO:0005509
b2239,GO:0008081
b2239,GO:0008889
b2239,GO:0016787
b2239,GO:0046872
b2240,GO:0006071
b2240,GO:0015760
b2240,GO:0015793
b2240,GO:0015794
b2240,GO:0035435
b2240,GO:0005886
b2240,GO:0016020
b2240,GO:0015169
b2240,GO:0015315
b2240,GO:0015527
b2240,GO:0061513
b2241,GO:0006072
b2241,GO:0006796
b2241,GO:0009061
b2241,GO:0019563
b2241,GO:0019637
b2241,GO:0046168
b2241,GO:0046174
b2241,GO:0005829
b2241,GO:0005886
b2241,GO:0009331
b2241,GO:0004368
b2241,GO:0005515
b2241,GO:0010181
b2241,GO:0016491
b2241,GO:0050660
b2242,GO:0009061
b2242,GO:0019563
b2242,GO:0046168
b2242,GO:0005737
b2242,GO:0005829
b2242,GO:0005886
b2242,GO:0009331
b2242,GO:0004368
b2242,GO:0010181
b2242,GO:0016491
b2243,GO:0009061
b2243,GO:0019563
b2243,GO:0022900
b2243,GO:0046168
b2243,GO:0005886
b2243,GO:0009331
b2243,GO:0016020
b2243,GO:0004368
b2243,GO:0046872
b2243,GO:0051536
b2243,GO:0051539
b2247,GO:0009063
b2247,GO:0016052
b2247,GO:0000287
b2247,GO:0016829
b2247,GO:0016836
b2247,GO:0042802
b2247,GO:0046872
b2247,GO:0050032
b2250,GO:0009279
b2251,GO:0005737
b2251,GO:0000287
b2251,GO:0004170
b2251,GO:0016787
b2251,GO:0016818
b2251,GO:0036218
b2251,GO:0047429
b2251,GO:0047840
b2252,GO:0008653
b2252,GO:0042597
b2252,GO:0016787
b2252,GO:0016791
b2253,GO:0000271
b2253,GO:0009103
b2253,GO:0009245
b2253,GO:0046493
b2253,GO:0046677
b2253,GO:0005737
b2253,GO:0003824
b2253,GO:0008483
b2253,GO:0030170
b2253,GO:0099620
b2254,GO:0009103
b2254,GO:0009245
b2254,GO:0036108
b2254,GO:0046677
b2254,GO:0005886
b2254,GO:0016020
b2254,GO:0016757
b2254,GO:0016780
b2254,GO:0099621
b2255,GO:0009058
b2255,GO:0009103
b2255,GO:0009245
b2255,GO:0033320
b2255,GO:0046493
b2255,GO:0046677
b2255,GO:2001315
b2255,GO:0032991
b2255,GO:0005515
b2255,GO:0016491
b2255,GO:0016616
b2255,GO:0016740
b2255,GO:0016742
b2255,GO:0016831
b2255,GO:0042802
b2255,GO:0048040
b2255,GO:0070403
b2255,GO:0099618
b2255,GO:0099619
b2256,GO:0005975
b2256,GO:0009103
b2256,GO:0009245
b2256,GO:0010041
b2256,GO:0036108
b2256,GO:0046677
b2256,GO:0016787
b2256,GO:0016811
b2257,GO:0006493
b2257,GO:0009103
b2257,GO:0009245
b2257,GO:0010041
b2257,GO:0005886
b2257,GO:0016020
b2257,GO:0000030
b2257,GO:0016740
b2257,GO:0016757
b2257,GO:0016763
b2257,GO:0103015
b2258,GO:0009103
b2258,GO:0009245
b2258,GO:0010041
b2258,GO:0055085
b2258,GO:1901264
b2258,GO:0005886
b2258,GO:0016020
b2258,GO:0022857
b2258,GO:1901505
b2259,GO:0046677
b2260,GO:0009234
b2260,GO:0032991
b2260,GO:0005524
b2260,GO:0008756
b2260,GO:0016874
b2260,GO:0016877
b2260,GO:0042802
b2261,GO:0009234
b2261,GO:0000287
b2261,GO:0003824
b2261,GO:0016829
b2261,GO:0016836
b2261,GO:0043748
b2261,GO:0046872
b2262,GO:0009234
b2262,GO:0005829
b2262,GO:0005515
b2262,GO:0008935
b2262,GO:0016829
b2262,GO:0071890
b2263,GO:0009234
b2263,GO:0005829
b2263,GO:0016829
b2263,GO:0070205
b2264,GO:0009234
b2264,GO:0000287
b2264,GO:0016740
b2264,GO:0030145
b2264,GO:0030976
b2264,GO:0042803
b2264,GO:0046872
b2264,GO:0070204
b2265,GO:0009234
b2265,GO:0000287
b2265,GO:0008909
b2265,GO:0016853
b2265,GO:0046872
b2266,GO:0006974
b2266,GO:0033554
b2266,GO:0005829
b2266,GO:0005886
b2266,GO:0005515
b2266,GO:0043022
b2267,GO:0008080
b2267,GO:0016747
b2268,GO:0008033
b2268,GO:0042780
b2268,GO:0004518
b2268,GO:0004519
b2268,GO:0004527
b2268,GO:0004532
b2268,GO:0008270
b2268,GO:0016891
b2268,GO:0016896
b2268,GO:0042781
b2268,GO:0042803
b2268,GO:0046872
b2269,GO:0006508
b2269,GO:0016579
b2269,GO:0016926
b2269,GO:0008234
b2269,GO:0016929
b2271,GO:0006508
b2271,GO:0005886
b2271,GO:0016020
b2271,GO:0008235
b2276,GO:0009060
b2276,GO:0015990
b2276,GO:0022904
b2276,GO:0042773
b2276,GO:0005886
b2276,GO:0016020
b2276,GO:0030964
b2276,GO:0045271
b2276,GO:0003954
b2276,GO:0008137
b2276,GO:0048038
b2276,GO:0050136
b2277,GO:0009060
b2277,GO:0015990
b2277,GO:0022904
b2277,GO:0042773
b2277,GO:0005886
b2277,GO:0016020
b2277,GO:0030964
b2277,GO:0045271
b2277,GO:0003954
b2277,GO:0008137
b2277,GO:0048038
b2277,GO:0048039
b2278,GO:0015990
b2278,GO:0022904
b2278,GO:0042773
b2278,GO:0005886
b2278,GO:0016020
b2278,GO:0030964
b2278,GO:0045271
b2278,GO:0003954
b2278,GO:0008137
b2278,GO:0048038
b2279,GO:0022904
b2279,GO:0042773
b2279,GO:1902600
b2279,GO:0005886
b2279,GO:0016020
b2279,GO:0030964
b2279,GO:0045271
b2279,GO:0003954
b2279,GO:0005515
b2279,GO:0008137
b2279,GO:0016651
b2279,GO:0048038
b2279,GO:0050136
b2280,GO:0022904
b2280,GO:1902600
b2280,GO:0005886
b2280,GO:0016020
b2280,GO:0030964
b2280,GO:0045271
b2280,GO:0003954
b2280,GO:0008137
b2280,GO:0048038
b2281,GO:0009060
b2281,GO:0022904
b2281,GO:0005886
b2281,GO:0016020
b2281,GO:0030964
b2281,GO:0045271
b2281,GO:0003954
b2281,GO:0005506
b2281,GO:0016651
b2281,GO:0046872
b2281,GO:0048038
b2281,GO:0050136
b2281,GO:0051539
b2282,GO:0009060
b2282,GO:0022904
b2282,GO:1902600
b2282,GO:0005886
b2282,GO:0016020
b2282,GO:0030964
b2282,GO:0045271
b2282,GO:0003954
b2282,GO:0008137
b2282,GO:0016655
b2282,GO:0048038
b2283,GO:0009060
b2283,GO:0022904
b2283,GO:0042773
b2283,GO:0045333
b2283,GO:1902600
b2283,GO:0005737
b2283,GO:0005886
b2283,GO:0016020
b2283,GO:0030964
b2283,GO:0045271
b2283,GO:1990204
b2283,GO:0003954
b2283,GO:0005515
b2283,GO:0008137
b2283,GO:0010181
b2283,GO:0043546
b2283,GO:0046872
b2283,GO:0048038
b2283,GO:0051536
b2283,GO:0051537
b2283,GO:0051539
b2284,GO:0009060
b2284,GO:0022904
b2284,GO:0045333
b2284,GO:1902600
b2284,GO:0005886
b2284,GO:0016020
b2284,GO:0030964
b2284,GO:0045271
b2284,GO:0003954
b2284,GO:0008137
b2284,GO:0010181
b2284,GO:0046872
b2284,GO:0048038
b2284,GO:0051287
b2284,GO:0051539
b2285,GO:0022904
b2285,GO:1902600
b2285,GO:0005886
b2285,GO:0016020
b2285,GO:0030964
b2285,GO:0045271
b2285,GO:0003954
b2285,GO:0005515
b2285,GO:0008137
b2285,GO:0010181
b2285,GO:0016491
b2285,GO:0046872
b2285,GO:0048038
b2285,GO:0051537
b2286,GO:0022904
b2286,GO:1902600
b2286,GO:0005737
b2286,GO:0005886
b2286,GO:0016020
b2286,GO:0030964
b2286,GO:0045271
b2286,GO:0003824
b2286,GO:0003954
b2286,GO:0005515
b2286,GO:0008137
b2286,GO:0048038
b2286,GO:0050136
b2286,GO:0051287
b2287,GO:0009060
b2287,GO:0015990
b2287,GO:0022904
b2287,GO:0005886
b2287,GO:0016020
b2287,GO:0030964
b2287,GO:0045271
b2287,GO:0003954
b2287,GO:0005506
b2287,GO:0008137
b2287,GO:0046872
b2287,GO:0048038
b2287,GO:0050136
b2287,GO:0051539
b2288,GO:0022904
b2288,GO:1902600
b2288,GO:0005886
b2288,GO:0016020
b2288,GO:0030964
b2288,GO:0045271
b2288,GO:0003954
b2288,GO:0008137
b2288,GO:0048038
b2288,GO:0050136
b2289,GO:0006351
b2289,GO:0006355
b2289,GO:0045892
b2289,GO:0045893
b2289,GO:0000987
b2289,GO:0003677
b2289,GO:0003700
b2289,GO:0043565
b2290,GO:0006523
b2290,GO:0006974
b2290,GO:0008652
b2290,GO:0009058
b2290,GO:0019272
b2290,GO:0030632
b2290,GO:0046677
b2290,GO:0005737
b2290,GO:0003824
b2290,GO:0004021
b2290,GO:0008483
b2290,GO:0030170
b2290,GO:0042803
b2291,GO:0006226
b2291,GO:0010139
b2291,GO:0005737
b2291,GO:0000166
b2291,GO:0002953
b2291,GO:0016787
b2291,GO:0016791
b2291,GO:0042802
b2291,GO:0046872
b2291,GO:0050340
b2291,GO:0050897
b2292,GO:0006813
b2292,GO:0055085
b2292,GO:0098655
b2292,GO:0005886
b2292,GO:0016020
b2292,GO:0008324
b2293,GO:0005975
b2293,GO:0000287
b2293,GO:0008801
b2293,GO:0016787
b2293,GO:0030145
b2293,GO:0043136
b2293,GO:0046872
b2293,GO:0050084
b2293,GO:0050286
b2293,GO:0050308
b2293,GO:0050897
b2294,GO:0006974
b2294,GO:0005829
b2294,GO:0042802
b2295,GO:2001251
b2295,GO:0005886
b2296,GO:0006082
b2296,GO:0006083
b2296,GO:0006085
b2296,GO:0016310
b2296,GO:0019413
b2296,GO:0019542
b2296,GO:0044011
b2296,GO:0005737
b2296,GO:0005829
b2296,GO:0016020
b2296,GO:0000287
b2296,GO:0005524
b2296,GO:0008270
b2296,GO:0008776
b2296,GO:0016301
b2296,GO:0016774
b2296,GO:0046872
b2297,GO:0006083
b2297,GO:0006085
b2297,GO:0019413
b2297,GO:0019427
b2297,GO:0045733
b2297,GO:0070689
b2297,GO:0005737
b2297,GO:0005829
b2297,GO:0005515
b2297,GO:0008270
b2297,GO:0008959
b2297,GO:0016746
b2298,GO:0055085
b2298,GO:0005886
b2298,GO:0016020
b2298,GO:0015297
b2299,GO:0005737
b2299,GO:0005829
b2299,GO:0003824
b2299,GO:0005515
b2299,GO:0016787
b2299,GO:0016817
b2299,GO:0016818
b2299,GO:0046872
b2300,GO:0005829
b2300,GO:0032991
b2300,GO:0008081
b2300,GO:0016787
b2300,GO:0030145
b2300,GO:0042802
b2300,GO:0046872
b2301,GO:0006559
b2301,GO:0006749
b2301,GO:0042542
b2301,GO:0098869
b2301,GO:0004364
b2301,GO:0004601
b2301,GO:0016034
b2301,GO:0016740
b2302,GO:0006979
b2302,GO:0098869
b2302,GO:0005737
b2302,GO:0004364
b2302,GO:0004601
b2302,GO:0015036
b2302,GO:0042803
b2303,GO:0006760
b2303,GO:0042559
b2303,GO:0005737
b2303,GO:0005829
b2303,GO:0004150
b2303,GO:0008719
b2303,GO:0016853
b2303,GO:0042802
b2305,GO:0006310
b2305,GO:0004519
b2305,GO:1990238
b2306,GO:0003333
b2306,GO:0006865
b2306,GO:0089709
b2306,GO:0089718
b2306,GO:1903810
b2306,GO:0005886
b2306,GO:0016020
b2306,GO:0043190
b2306,GO:0055052
b2306,GO:0005291
b2306,GO:0005524
b2306,GO:0015424
b2306,GO:0016887
b2307,GO:0006865
b2307,GO:0055085
b2307,GO:0071705
b2307,GO:0089718
b2307,GO:1903810
b2307,GO:0005886
b2307,GO:0016020
b2307,GO:0043190
b2307,GO:0055052
b2307,GO:0022857
b2308,GO:0006865
b2308,GO:0055085
b2308,GO:0071705
b2308,GO:0089709
b2308,GO:0089718
b2308,GO:1903810
b2308,GO:0005886
b2308,GO:0016020
b2308,GO:0043190
b2308,GO:0055052
b2308,GO:0005291
b2308,GO:0022857
b2309,GO:0006865
b2309,GO:0071705
b2309,GO:1903810
b2309,GO:0016020
b2309,GO:0030288
b2309,GO:0042597
b2309,GO:0055052
b2309,GO:0016597
b2310,GO:0006865
b2310,GO:0006995
b2310,GO:0009267
b2310,GO:0015822
b2310,GO:0071294
b2310,GO:0071705
b2310,GO:0089718
b2310,GO:1902022
b2310,GO:0016020
b2310,GO:0030288
b2310,GO:0042597
b2310,GO:0055052
b2311,GO:0006744
b2311,GO:0120232
b2311,GO:0003824
b2311,GO:0004659
b2311,GO:0016831
b2311,GO:0106141
b2312,GO:0006164
b2312,GO:0006189
b2312,GO:0006541
b2312,GO:0009113
b2312,GO:0005737
b2312,GO:0005829
b2312,GO:0000287
b2312,GO:0004044
b2312,GO:0016757
b2312,GO:0042802
b2312,GO:0046872
b2312,GO:0097216
b2313,GO:0009403
b2313,GO:0005886
b2313,GO:0016020
b2314,GO:0032506
b2314,GO:0051301
b2314,GO:0005886
b2314,GO:0030428
b2314,GO:0032153
b2314,GO:0005515
b2314,GO:0008047
b2314,GO:0042834
b2315,GO:0006730
b2315,GO:0006761
b2315,GO:0009257
b2315,GO:0009396
b2315,GO:0046654
b2315,GO:0046656
b2315,GO:0046901
b2315,GO:0005737
b2315,GO:0004326
b2315,GO:0005524
b2315,GO:0008841
b2315,GO:0016874
b2315,GO:0016881
b2315,GO:0046872
b2315,GO:0097216
b2316,GO:0006417
b2316,GO:0006633
b2316,GO:0017148
b2316,GO:0042759
b2316,GO:2001295
b2316,GO:0005737
b2316,GO:0005829
b2316,GO:0009317
b2316,GO:0009329
b2316,GO:0003677
b2316,GO:0003723
b2316,GO:0003729
b2316,GO:0003989
b2316,GO:0005515
b2316,GO:0005524
b2316,GO:0008270
b2316,GO:0016740
b2316,GO:0016743
b2316,GO:0046872
b2317,GO:0005886
b2318,GO:0001522
b2318,GO:0006396
b2318,GO:0008033
b2318,GO:0031119
b2318,GO:0000049
b2318,GO:0003723
b2318,GO:0009982
b2318,GO:0016853
b2318,GO:0042803
b2318,GO:0106029
b2318,GO:0140098
b2318,GO:0160147
b2319,GO:0008652
b2319,GO:0005829
b2319,GO:0005515
b2319,GO:0016620
b2319,GO:0046983
b2319,GO:0051287
b2320,GO:0008615
b2320,GO:0036001
b2320,GO:0005737
b2320,GO:0005829
b2320,GO:0016491
b2320,GO:0016616
b2320,GO:0033711
b2320,GO:0042803
b2320,GO:0046983
b2320,GO:0051287
b2321,GO:0010468
b2321,GO:0005886
b2321,GO:0016020
b2322,GO:0055085
b2322,GO:0005886
b2322,GO:0016020
b2322,GO:0022857
b2323,GO:0006633
b2323,GO:0044281
b2323,GO:1903966
b2323,GO:0005737
b2323,GO:0005829
b2323,GO:0004315
b2323,GO:0016746
b2323,GO:0016747
b2324,GO:0002097
b2324,GO:0002098
b2324,GO:0008033
b2324,GO:0030488
b2324,GO:0032259
b2324,GO:0005737
b2324,GO:0004808
b2324,GO:0008168
b2324,GO:0008757
b2324,GO:0016491
b2324,GO:0016645
b2324,GO:0050660
b2324,GO:0071949
b2325,GO:0005829
b2326,GO:0043687
b2326,GO:0004497
b2326,GO:0016709
b2326,GO:0046872
b2327,GO:0009408
b2327,GO:0005886
b2327,GO:0016020
b2328,GO:0000270
b2328,GO:0006508
b2328,GO:0009252
b2328,GO:0009410
b2328,GO:0030288
b2328,GO:0042597
b2328,GO:0004175
b2328,GO:0004222
b2328,GO:0004252
b2328,GO:0008233
b2328,GO:0008237
b2328,GO:0046872
b2329,GO:0008652
b2329,GO:0009073
b2329,GO:0009423
b2329,GO:0005829
b2329,GO:0004107
b2329,GO:0010181
b2329,GO:0016829
b2329,GO:0042802
b2330,GO:0006479
b2330,GO:0018364
b2330,GO:0032259
b2330,GO:0043414
b2330,GO:0005829
b2330,GO:0003676
b2330,GO:0008168
b2330,GO:0008170
b2330,GO:0008276
b2330,GO:0008757
b2330,GO:0036009
b2332,GO:0005829
b2333,GO:0007155
b2333,GO:0043709
b2333,GO:0009289
b2334,GO:0007155
b2334,GO:0043709
b2334,GO:0009289
b2335,GO:0007155
b2335,GO:0043709
b2335,GO:0009289
b2336,GO:0061077
b2336,GO:0071555
b2336,GO:0030288
b2336,GO:0042597
b2339,GO:0007155
b2339,GO:0043709
b2339,GO:0009289
b2340,GO:0036211
b2340,GO:0070297
b2340,GO:0005737
b2340,GO:0004721
b2340,GO:0005515
b2340,GO:0101006
b2341,GO:0006631
b2341,GO:0006635
b2341,GO:0009056
b2341,GO:0016042
b2341,GO:0005737
b2341,GO:0036125
b2341,GO:0003857
b2341,GO:0004300
b2341,GO:0005515
b2341,GO:0008692
b2341,GO:0016491
b2341,GO:0016509
b2341,GO:0016829
b2341,GO:0016853
b2341,GO:0070403
b2342,GO:0006631
b2342,GO:0006635
b2342,GO:0016042
b2342,GO:0033542
b2342,GO:0044281
b2342,GO:0005737
b2342,GO:0005829
b2342,GO:0036125
b2342,GO:0003857
b2342,GO:0003985
b2342,GO:0003988
b2342,GO:0004300
b2342,GO:0016746
b2342,GO:0016747
b2343,GO:0005829
b2344,GO:0006869
b2344,GO:0015909
b2344,GO:0055085
b2344,GO:0009279
b2344,GO:0015483
b2344,GO:0022834
b2346,GO:0120010
b2346,GO:0009279
b2346,GO:0016020
b2346,GO:0005515
b2347,GO:0015724
b2347,GO:0055085
b2347,GO:0005886
b2347,GO:0016020
b2347,GO:0015499
b2347,GO:0022857
b2349,GO:0006310
b2349,GO:0015074
b2349,GO:0032359
b2349,GO:0044826
b2349,GO:0046718
b2349,GO:0075713
b2349,GO:0003677
b2349,GO:0042802
b2349,GO:0043565
b2350,GO:0000271
b2350,GO:0006783
b2350,GO:0005886
b2350,GO:0016020
b2350,GO:0008883
b2350,GO:0050661
b2351,GO:0005886
b2351,GO:0005515
b2351,GO:0016757
b2352,GO:0005886
b2354,GO:0006979
b2360,GO:0016032
b2361,GO:0002953
b2361,GO:0005515
b2361,GO:0050897
b2362,GO:0006979
b2364,GO:0006351
b2364,GO:0006355
b2364,GO:0003677
b2364,GO:0003700
b2364,GO:0043565
b2365,GO:0006865
b2365,GO:0006974
b2365,GO:0035429
b2365,GO:0042942
b2365,GO:0005886
b2365,GO:0016020
b2365,GO:0015128
b2365,GO:0042945
b2366,GO:0006974
b2366,GO:0009097
b2366,GO:0036088
b2366,GO:0046416
b2366,GO:0051410
b2366,GO:0070178
b2366,GO:0005737
b2366,GO:0005829
b2366,GO:0008721
b2366,GO:0016829
b2366,GO:0016836
b2366,GO:0030170
b2367,GO:0006974
b2367,GO:0015721
b2367,GO:0046677
b2367,GO:0055085
b2367,GO:0140330
b2367,GO:1990961
b2367,GO:0005886
b2367,GO:0016020
b2367,GO:0098567
b2367,GO:1990281
b2367,GO:0022857
b2368,GO:0006974
b2368,GO:0015721
b2368,GO:0046677
b2368,GO:0140330
b2368,GO:1990961
b2368,GO:0005886
b2368,GO:0098567
b2368,GO:1990281
b2368,GO:0042910
b2369,GO:0000160
b2369,GO:0006355
b2369,GO:0005737
b2369,GO:0005829
b2369,GO:0003677
b2369,GO:0005515
b2369,GO:0043565
b2370,GO:0000160
b2370,GO:0007165
b2370,GO:0010038
b2370,GO:0010447
b2370,GO:0016310
b2370,GO:0018106
b2370,GO:0005829
b2370,GO:0005886
b2370,GO:0030288
b2370,GO:0000155
b2370,GO:0004673
b2370,GO:0005524
b2370,GO:0016301
b2371,GO:0003824
b2371,GO:0008410
b2371,GO:0016740
b2371,GO:0036412
b2371,GO:0042803
b2372,GO:0055085
b2372,GO:0005886
b2372,GO:0016020
b2373,GO:0001561
b2373,GO:0019752
b2373,GO:0033611
b2373,GO:0071468
b2373,GO:0000166
b2373,GO:0000287
b2373,GO:0008949
b2373,GO:0016831
b2373,GO:0030976
b2373,GO:0042802
b2373,GO:0043531
b2373,GO:0046872
b2374,GO:0033611
b2374,GO:0071468
b2374,GO:0008410
b2374,GO:0016740
b2374,GO:0033608
b2376,GO:0009242
b2376,GO:0005886
b2377,GO:0005886
b2378,GO:0009103
b2378,GO:0009245
b2378,GO:0009247
b2378,GO:0009409
b2378,GO:0036104
b2378,GO:0005886
b2378,GO:0016020
b2378,GO:0008951
b2378,GO:0016740
b2378,GO:0016746
b2379,GO:0006523
b2379,GO:0008652
b2379,GO:0009058
b2379,GO:0019272
b2379,GO:0030632
b2379,GO:0005737
b2379,GO:0003824
b2379,GO:0004021
b2379,GO:0008483
b2379,GO:0030170
b2379,GO:0042803
b2382,GO:0006355
b2382,GO:0003677
b2382,GO:0003700
b2382,GO:0043565
b2383,GO:0009401
b2383,GO:0016310
b2383,GO:0005737
b2383,GO:0016020
b2383,GO:0005515
b2383,GO:0008965
b2383,GO:0008982
b2383,GO:0016301
b2383,GO:0046872
b2384,GO:0006508
b2384,GO:0004177
b2384,GO:0008237
b2384,GO:0046872
b2384,GO:0070006
b2385,GO:0006508
b2385,GO:0004177
b2385,GO:0005515
b2385,GO:0008235
b2385,GO:0042803
b2385,GO:0046914
b2385,GO:0070006
b2386,GO:0009401
b2386,GO:0005886
b2386,GO:0016020
b2386,GO:0008982
b2386,GO:0016740
b2386,GO:0090563
b2387,GO:0009401
b2387,GO:0015755
b2387,GO:0016310
b2387,GO:0005737
b2387,GO:0016301
b2387,GO:0022877
b2387,GO:0090582
b2388,GO:0006096
b2388,GO:0016310
b2388,GO:0051156
b2388,GO:0005737
b2388,GO:0005829
b2388,GO:0004340
b2388,GO:0005524
b2388,GO:0005536
b2388,GO:0016301
b2389,GO:0006821
b2389,GO:0034220
b2389,GO:0055085
b2389,GO:1902476
b2389,GO:0005886
b2389,GO:0016020
b2389,GO:0005216
b2389,GO:0005247
b2392,GO:0006811
b2392,GO:0006824
b2392,GO:0006826
b2392,GO:0006828
b2392,GO:0015691
b2392,GO:0030001
b2392,GO:0034599
b2392,GO:0034755
b2392,GO:0070574
b2392,GO:0140967
b2392,GO:1902600
b2392,GO:0005886
b2392,GO:0016020
b2392,GO:0005384
b2392,GO:0005515
b2392,GO:0015078
b2392,GO:0015086
b2392,GO:0015293
b2392,GO:0046872
b2392,GO:0046873
b2393,GO:0015861
b2393,GO:0015862
b2393,GO:1901642
b2393,GO:0005886
b2393,GO:0016020
b2393,GO:0005337
b2393,GO:0015212
b2393,GO:0015213
b2393,GO:0015293
b2393,GO:0015506
b2395,GO:0005886
b2395,GO:0016787
b2395,GO:0071111
b2399,GO:0003677
b2400,GO:0006412
b2400,GO:0006418
b2400,GO:0006424
b2400,GO:0005737
b2400,GO:0005829
b2400,GO:0000049
b2400,GO:0004812
b2400,GO:0004818
b2400,GO:0005515
b2400,GO:0005524
b2400,GO:0008270
b2400,GO:0046872
b2405,GO:0006355
b2405,GO:0045893
b2405,GO:0032993
b2405,GO:0003677
b2405,GO:0003700
b2406,GO:0015858
b2406,GO:0015861
b2406,GO:0015862
b2406,GO:0015863
b2406,GO:0055085
b2406,GO:0055086
b2406,GO:1901642
b2406,GO:0005886
b2406,GO:0016020
b2406,GO:0005337
b2406,GO:0015212
b2406,GO:0015213
b2406,GO:0015293
b2406,GO:0015553
b2407,GO:0006148
b2407,GO:0006149
b2407,GO:0006152
b2407,GO:0006161
b2407,GO:0009116
b2407,GO:0015949
b2407,GO:0034214
b2407,GO:0034355
b2407,GO:0046115
b2407,GO:0055086
b2407,GO:1903228
b2407,GO:0005737
b2407,GO:0004731
b2407,GO:0016757
b2407,GO:0042802
b2407,GO:0047724
b2407,GO:0047975
b2408,GO:0009279
b2409,GO:0006355
b2409,GO:0005829
b2409,GO:0003677
b2409,GO:0003700
b2410,GO:0055085
b2410,GO:0005886
b2410,GO:0015293
b2411,GO:0006259
b2411,GO:0006260
b2411,GO:0006266
b2411,GO:0006281
b2411,GO:0006288
b2411,GO:0005829
b2411,GO:0003677
b2411,GO:0003911
b2411,GO:0005515
b2411,GO:0016874
b2411,GO:0046872
b2411,GO:0070403
b2412,GO:0000917
b2412,GO:0043093
b2412,GO:0051301
b2412,GO:0090529
b2412,GO:0005886
b2412,GO:0016020
b2412,GO:0032153
b2412,GO:1990586
b2412,GO:0005515
b2412,GO:0042803
b2413,GO:0000103
b2413,GO:0019344
b2413,GO:1902358
b2413,GO:1902600
b2413,GO:0005886
b2413,GO:0009675
b2413,GO:0015116
b2414,GO:0006535
b2414,GO:0008652
b2414,GO:0019344
b2414,GO:0005737
b2414,GO:0005829
b2414,GO:0009333
b2414,GO:0004124
b2414,GO:0005515
b2414,GO:0016740
b2414,GO:0016765
b2414,GO:0016829
b2414,GO:0030170
b2414,GO:0042802
b2414,GO:0042803
b2414,GO:0050272
b2414,GO:0080146
b2415,GO:0009401
b2415,GO:0043609
b2415,GO:0045819
b2415,GO:0005737
b2415,GO:0005829
b2415,GO:0004857
b2415,GO:0005515
b2415,GO:0008047
b2415,GO:0016775
b2415,GO:0030234
b2415,GO:0045152
b2416,GO:0009401
b2416,GO:0016310
b2416,GO:0005737
b2416,GO:0005829
b2416,GO:0005515
b2416,GO:0008965
b2416,GO:0016301
b2416,GO:0042802
b2416,GO:0046872
b2417,GO:0009401
b2417,GO:0016310
b2417,GO:0034763
b2417,GO:0043610
b2417,GO:0045912
b2417,GO:1902344
b2417,GO:0005737
b2417,GO:0005829
b2417,GO:0009898
b2417,GO:0016020
b2417,GO:1902495
b2417,GO:1990154
b2417,GO:0005515
b2417,GO:0016301
b2417,GO:0046872
b2418,GO:0009443
b2418,GO:0016310
b2418,GO:0036172
b2418,GO:0042816
b2418,GO:0005829
b2418,GO:0000287
b2418,GO:0003824
b2418,GO:0005524
b2418,GO:0008270
b2418,GO:0008478
b2418,GO:0008902
b2418,GO:0016301
b2418,GO:0030170
b2418,GO:0042803
b2418,GO:0046872
b2421,GO:0006535
b2421,GO:0016226
b2421,GO:0019344
b2421,GO:0019345
b2421,GO:0019450
b2421,GO:0005737
b2421,GO:0004124
b2421,GO:0005515
b2421,GO:0016740
b2421,GO:0016765
b2421,GO:0016829
b2421,GO:0030170
b2421,GO:0042803
b2421,GO:0080146
b2422,GO:0015709
b2422,GO:0098656
b2422,GO:1902358
b2422,GO:0005886
b2422,GO:0016020
b2422,GO:0032991
b2422,GO:0035796
b2422,GO:0043190
b2422,GO:0005515
b2422,GO:0005524
b2422,GO:0015419
b2422,GO:0016887
b2422,GO:0102025
b2423,GO:0015709
b2423,GO:0055085
b2423,GO:0098656
b2423,GO:1902358
b2423,GO:0005886
b2423,GO:0016020
b2423,GO:0035796
b2423,GO:0043190
b2423,GO:0015419
b2424,GO:0015709
b2424,GO:0055085
b2424,GO:0098656
b2424,GO:1902358
b2424,GO:0005886
b2424,GO:0016020
b2424,GO:0035796
b2424,GO:0043190
b2424,GO:0015419
b2425,GO:0006790
b2425,GO:0015709
b2425,GO:1902358
b2425,GO:0016020
b2425,GO:0030288
b2425,GO:0035796
b2425,GO:0042597
b2425,GO:0036173
b2425,GO:0043199
b2425,GO:1901681
b2426,GO:0005515
b2426,GO:0016491
b2426,GO:0052588
b2427,GO:0006355
b2427,GO:0043470
b2427,GO:0045892
b2427,GO:0097173
b2427,GO:1901135
b2427,GO:0003677
b2427,GO:0003700
b2427,GO:0097367
b2428,GO:0006040
b2428,GO:0009254
b2428,GO:0046348
b2428,GO:0097173
b2428,GO:0097175
b2428,GO:0005515
b2428,GO:0016803
b2428,GO:0016829
b2428,GO:0016835
b2428,GO:0097367
b2429,GO:0009401
b2429,GO:0016310
b2429,GO:0034219
b2429,GO:0005886
b2429,GO:0016020
b2429,GO:0008982
b2429,GO:0016301
b2429,GO:0090588
b2430,GO:0006508
b2430,GO:0005886
b2430,GO:0004180
b2430,GO:0008658
b2430,GO:0009002
b2431,GO:0098869
b2431,GO:0005737
b2431,GO:0005829
b2431,GO:0004601
b2431,GO:0020037
b2431,GO:0046872
b2433,GO:0005886
b2434,GO:0016746
b2434,GO:0016747
b2435,GO:0009253
b2435,GO:0043093
b2435,GO:0051301
b2435,GO:0071236
b2435,GO:0071555
b2435,GO:0030288
b2435,GO:0042597
b2435,GO:0008270
b2435,GO:0008745
b2435,GO:0016787
b2436,GO:0006779
b2436,GO:0006782
b2436,GO:0006783
b2436,GO:0019353
b2436,GO:0033194
b2436,GO:0005737
b2436,GO:0004109
b2436,GO:0016491
b2436,GO:0030145
b2436,GO:0042803
b2436,GO:0046872
b2436,GO:0046906
b2437,GO:0006355
b2437,GO:0046336
b2437,GO:0003677
b2437,GO:0003700
b2437,GO:0043565
b2438,GO:0010165
b2438,GO:0046336
b2438,GO:0031469
b2438,GO:0031471
b2438,GO:0005198
b2439,GO:0046336
b2439,GO:0031469
b2439,GO:0031471
b2439,GO:0005198
b2439,GO:0008270
b2439,GO:0042802
b2439,GO:0046872
b2440,GO:0006520
b2440,GO:0046336
b2440,GO:0009350
b2440,GO:0031469
b2440,GO:0031471
b2440,GO:0008851
b2440,GO:0016829
b2440,GO:0031419
b2441,GO:0006520
b2441,GO:0046336
b2441,GO:0005829
b2441,GO:0009350
b2441,GO:0031469
b2441,GO:0031471
b2441,GO:0008851
b2441,GO:0016829
b2441,GO:0031419
b2442,GO:0006310
b2442,GO:0015074
b2442,GO:0044826
b2442,GO:0046718
b2442,GO:0075713
b2442,GO:0003677
b2450,GO:0005829
b2450,GO:0003677
b2451,GO:0030091
b2451,GO:0046336
b2451,GO:0031469
b2452,GO:0034229
b2452,GO:0046336
b2452,GO:0005886
b2452,GO:0016020
b2452,GO:0034228
b2453,GO:0046336
b2453,GO:0031469
b2453,GO:0004022
b2453,GO:0016491
b2453,GO:0016616
b2453,GO:0046872
b2454,GO:0046336
b2455,GO:0046336
b2455,GO:0031469
b2455,GO:0004029
b2455,GO:0004030
b2455,GO:0008774
b2455,GO:0016491
b2456,GO:0006974
b2456,GO:0034214
b2456,GO:0046336
b2456,GO:0031469
b2456,GO:0005515
b2456,GO:0042802
b2457,GO:0034214
b2457,GO:0046336
b2457,GO:0031469
b2457,GO:0031471
b2457,GO:0005198
b2457,GO:0042802
b2458,GO:0009408
b2458,GO:0046336
b2458,GO:0005737
b2458,GO:0008959
b2458,GO:0016407
b2458,GO:0016746
b2458,GO:0042803
b2459,GO:0006580
b2459,GO:0009236
b2459,GO:0046336
b2459,GO:0031469
b2459,GO:0005524
b2459,GO:0008817
b2459,GO:0016740
b2459,GO:0046872
b2460,GO:0016310
b2460,GO:0046336
b2460,GO:0031469
b2460,GO:0005515
b2460,GO:0008776
b2460,GO:0016301
b2461,GO:0006576
b2461,GO:0016310
b2461,GO:0046336
b2461,GO:0031469
b2461,GO:0005524
b2461,GO:0008776
b2461,GO:0016301
b2462,GO:0034214
b2462,GO:0046336
b2462,GO:0031469
b2462,GO:0031471
b2462,GO:0005198
b2462,GO:0042802
b2463,GO:0006108
b2463,GO:0005829
b2463,GO:0004470
b2463,GO:0004473
b2463,GO:0008948
b2463,GO:0016491
b2463,GO:0016616
b2463,GO:0016746
b2463,GO:0030145
b2463,GO:0042802
b2463,GO:0043883
b2463,GO:0046872
b2463,GO:0051287
b2464,GO:0005975
b2464,GO:0006098
b2464,GO:0009052
b2464,GO:0005737
b2464,GO:0005829
b2464,GO:0004801
b2464,GO:0016740
b2465,GO:0006098
b2465,GO:0009052
b2465,GO:0005829
b2465,GO:0004802
b2465,GO:0016740
b2465,GO:0046872
b2467,GO:0006753
b2467,GO:0019693
b2467,GO:0005829
b2467,GO:0000287
b2467,GO:0003824
b2467,GO:0016787
b2467,GO:0016818
b2467,GO:0042803
b2467,GO:0046872
b2467,GO:0052751
b2468,GO:0019628
b2468,GO:0016491
b2468,GO:0046872
b2468,GO:0051539
b2469,GO:0000160
b2469,GO:0007165
b2469,GO:0016310
b2469,GO:0018106
b2469,GO:0042128
b2469,GO:0071249
b2469,GO:0071250
b2469,GO:0005886
b2469,GO:0016020
b2469,GO:0000155
b2469,GO:0004672
b2469,GO:0004673
b2469,GO:0005524
b2469,GO:0016301
b2469,GO:0046983
b2470,GO:0009636
b2470,GO:0015721
b2470,GO:0042908
b2470,GO:0046677
b2470,GO:0055085
b2470,GO:0140330
b2470,GO:0005886
b2470,GO:0016020
b2470,GO:0098567
b2470,GO:1990281
b2470,GO:0005515
b2470,GO:0015125
b2470,GO:0015562
b2470,GO:0042910
b2471,GO:0005829
b2472,GO:0009085
b2472,GO:0009089
b2472,GO:0019877
b2472,GO:0043093
b2472,GO:0005829
b2472,GO:0032153
b2472,GO:0005515
b2472,GO:0008270
b2472,GO:0009014
b2472,GO:0016787
b2472,GO:0042802
b2472,GO:0046872
b2472,GO:0050897
b2473,GO:0016787
b2473,GO:0016788
b2473,GO:0052689
b2473,GO:0106435
b2474,GO:0002101
b2474,GO:0008033
b2474,GO:0051391
b2474,GO:0005737
b2474,GO:0000049
b2474,GO:0005524
b2474,GO:0016746
b2474,GO:0016747
b2474,GO:0051392
b2474,GO:0106226
b2475,GO:0005886
b2475,GO:0016020
b2476,GO:0006164
b2476,GO:0006189
b2476,GO:0009236
b2476,GO:0005829
b2476,GO:0016020
b2476,GO:0004639
b2476,GO:0005524
b2476,GO:0016874
b2476,GO:0097216
b2477,GO:0043165
b2477,GO:0051205
b2477,GO:0009279
b2477,GO:0009986
b2477,GO:0016020
b2477,GO:1990063
b2477,GO:0005515
b2477,GO:0042802
b2478,GO:0009085
b2478,GO:0009089
b2478,GO:0019877
b2478,GO:0044281
b2478,GO:0005737
b2478,GO:0005829
b2478,GO:0008840
b2478,GO:0016829
b2478,GO:0042802
b2479,GO:0006351
b2479,GO:0006355
b2479,GO:0005737
b2479,GO:0005829
b2480,GO:0006979
b2480,GO:0034599
b2480,GO:0045454
b2480,GO:0098869
b2480,GO:0005737
b2480,GO:0005829
b2480,GO:0004601
b2480,GO:0008379
b2480,GO:0016209
b2480,GO:0016491
b2480,GO:0032843
b2480,GO:0140824
b2481,GO:0044569
b2481,GO:0016491
b2481,GO:0046872
b2481,GO:0051539
b2482,GO:0006007
b2482,GO:0009061
b2482,GO:0015944
b2482,GO:0019645
b2482,GO:0042773
b2482,GO:1902600
b2482,GO:0005886
b2482,GO:0009326
b2482,GO:0016020
b2482,GO:0044569
b2482,GO:0005515
b2482,GO:0008137
b2482,GO:0016491
b2483,GO:0006007
b2483,GO:0006974
b2483,GO:0009061
b2483,GO:0015944
b2483,GO:0019645
b2483,GO:0005886
b2483,GO:0009326
b2483,GO:0016020
b2483,GO:0044569
b2483,GO:0016491
b2484,GO:0006007
b2484,GO:0009061
b2484,GO:0015944
b2484,GO:0015990
b2484,GO:0019645
b2484,GO:0042773
b2484,GO:0005886
b2484,GO:0009326
b2484,GO:0016020
b2484,GO:0044569
b2484,GO:0008137
b2484,GO:0016491
b2485,GO:0006007
b2485,GO:0009061
b2485,GO:0015944
b2485,GO:0019645
b2485,GO:0005886
b2485,GO:0009326
b2485,GO:0016020
b2485,GO:0044569
b2485,GO:0016491
b2486,GO:0006007
b2486,GO:0006974
b2486,GO:0009061
b2486,GO:0015944
b2486,GO:0019645
b2486,GO:0005886
b2486,GO:0009326
b2486,GO:0016020
b2486,GO:0044569
b2486,GO:0016491
b2487,GO:0006007
b2487,GO:0009061
b2487,GO:0015944
b2487,GO:0019645
b2487,GO:1902600
b2487,GO:0009326
b2487,GO:0016020
b2487,GO:0044569
b2487,GO:0005515
b2487,GO:0008137
b2487,GO:0016151
b2487,GO:0016491
b2487,GO:0046872
b2487,GO:0048038
b2487,GO:0051287
b2487,GO:0051539
b2487,GO:0051540
b2488,GO:0009060
b2488,GO:0016020
b2488,GO:0044569
b2488,GO:0003954
b2488,GO:0016651
b2488,GO:0046872
b2488,GO:0051539
b2489,GO:1902600
b2489,GO:0008137
b2489,GO:0016491
b2489,GO:0046872
b2489,GO:0048038
b2489,GO:0051539
b2490,GO:0016491
b2491,GO:0000160
b2491,GO:0006352
b2491,GO:0006355
b2491,GO:2000142
b2491,GO:0003677
b2491,GO:0005524
b2491,GO:0016887
b2492,GO:0015724
b2492,GO:0019664
b2492,GO:0055085
b2492,GO:0005886
b2492,GO:0016020
b2492,GO:0015499
b2492,GO:0022857
b2494,GO:0006508
b2494,GO:0043165
b2494,GO:0051603
b2494,GO:0061077
b2494,GO:0016020
b2494,GO:0030288
b2494,GO:0042597
b2494,GO:0003756
b2494,GO:0004222
b2494,GO:0005515
b2494,GO:0008233
b2494,GO:0008237
b2494,GO:0008270
b2494,GO:0046872
b2495,GO:0005829
b2495,GO:0008794
b2495,GO:0016491
b2496,GO:0006260
b2496,GO:0006270
b2496,GO:0008156
b2496,GO:0030174
b2496,GO:0032297
b2496,GO:0005829
b2496,GO:0005886
b2496,GO:0016020
b2496,GO:1990078
b2496,GO:1990085
b2496,GO:0000166
b2496,GO:0005515
b2496,GO:0042802
b2496,GO:0043531
b2497,GO:0015857
b2497,GO:0055085
b2497,GO:0098721
b2497,GO:0005886
b2497,GO:0016020
b2497,GO:0015205
b2497,GO:0015210
b2497,GO:0015293
b2497,GO:0015505
b2497,GO:0022857
b2497,GO:0042803
b2498,GO:0006206
b2498,GO:0006223
b2498,GO:0008655
b2498,GO:0044206
b2498,GO:0005737
b2498,GO:0005829
b2498,GO:0016020
b2498,GO:0000287
b2498,GO:0004845
b2498,GO:0005525
b2498,GO:0016757
b2498,GO:0042802
b2498,GO:0097216
b2499,GO:0006164
b2499,GO:0006189
b2499,GO:0046084
b2499,GO:0005737
b2499,GO:0005829
b2499,GO:0004637
b2499,GO:0004641
b2499,GO:0005524
b2499,GO:0016874
b2500,GO:0006164
b2500,GO:0006189
b2500,GO:0006974
b2500,GO:0005737
b2500,GO:0005829
b2500,GO:0003824
b2500,GO:0004644
b2500,GO:0016740
b2501,GO:0006793
b2501,GO:0006799
b2501,GO:0016310
b2501,GO:0005829
b2501,GO:0005886
b2501,GO:0009358
b2501,GO:0031241
b2501,GO:0005524
b2501,GO:0008976
b2501,GO:0016301
b2501,GO:0016776
b2501,GO:0016778
b2501,GO:0042803
b2501,GO:0043751
b2501,GO:0046872
b2502,GO:0006793
b2502,GO:0006798
b2502,GO:0005886
b2502,GO:0004309
b2502,GO:0016787
b2502,GO:0042802
b2502,GO:0042803
b2502,GO:0097216
b2503,GO:0070301
b2503,GO:0071454
b2503,GO:1900190
b2503,GO:0005886
b2503,GO:0016020
b2503,GO:0000166
b2503,GO:0016787
b2503,GO:0042803
b2503,GO:0071111
b2504,GO:0097501
b2504,GO:1990532
b2504,GO:0005886
b2505,GO:0005886
b2505,GO:0009279
b2505,GO:0019867
b2506,GO:0006974
b2507,GO:0006177
b2507,GO:0006541
b2507,GO:0046037
b2507,GO:0005829
b2507,GO:0003921
b2507,GO:0003922
b2507,GO:0005524
b2507,GO:0016874
b2507,GO:0042802
b2508,GO:0006164
b2508,GO:0006177
b2508,GO:0006183
b2508,GO:0009411
b2508,GO:0051289
b2508,GO:0005829
b2508,GO:0032991
b2508,GO:0000166
b2508,GO:0003697
b2508,GO:0003938
b2508,GO:0005524
b2508,GO:0016491
b2508,GO:0042802
b2508,GO:0046872
b2508,GO:0097216
b2508,GO:1990829
b2509,GO:0006298
b2509,GO:0006308
b2509,GO:0005737
b2509,GO:0009318
b2509,GO:0003676
b2509,GO:0003677
b2509,GO:0004527
b2509,GO:0005515
b2509,GO:0008855
b2510,GO:0071978
b2511,GO:0000027
b2511,GO:0042254
b2511,GO:0005829
b2511,GO:0003924
b2511,GO:0005515
b2511,GO:0005525
b2511,GO:0032794
b2511,GO:0043022
b2511,GO:0043023
b2511,GO:0097216
b2512,GO:0043165
b2512,GO:0051205
b2512,GO:0009279
b2512,GO:0016020
b2512,GO:1990063
b2512,GO:0005515
b2512,GO:0042802
b2513,GO:0005886
b2513,GO:0005515
b2513,GO:0044877
b2514,GO:0006412
b2514,GO:0006427
b2514,GO:0005737
b2514,GO:0005829
b2514,GO:0004812
b2514,GO:0004821
b2514,GO:0005524
b2514,GO:0042803
b2515,GO:0008299
b2515,GO:0016114
b2515,GO:0019288
b2515,GO:0005829
b2515,GO:0005506
b2515,GO:0005515
b2515,GO:0016491
b2515,GO:0046429
b2515,GO:0046872
b2515,GO:0051539
b2515,GO:0141197
b2516,GO:0008360
b2516,GO:0009252
b2516,GO:0043093
b2516,GO:0005886
b2516,GO:0016020
b2516,GO:0003677
b2516,GO:0005515
b2517,GO:0006364
b2517,GO:0008033
b2517,GO:0030488
b2517,GO:0032259
b2517,GO:0046677
b2517,GO:0070475
b2517,GO:0005737
b2517,GO:0005829
b2517,GO:0000049
b2517,GO:0002935
b2517,GO:0005515
b2517,GO:0008168
b2517,GO:0008173
b2517,GO:0019843
b2517,GO:0046872
b2517,GO:0051536
b2517,GO:0051539
b2517,GO:0070040
b2518,GO:0006163
b2518,GO:0006183
b2518,GO:0006220
b2518,GO:0006228
b2518,GO:0006241
b2518,GO:0009117
b2518,GO:0016310
b2518,GO:0005737
b2518,GO:0005829
b2518,GO:0004550
b2518,GO:0005515
b2518,GO:0005524
b2518,GO:0016301
b2518,GO:0046872
b2519,GO:0006508
b2519,GO:0008360
b2519,GO:0009252
b2519,GO:0051781
b2519,GO:0071555
b2519,GO:0005886
b2519,GO:0016020
b2519,GO:0030288
b2519,GO:0004180
b2519,GO:0005515
b2519,GO:0008658
b2519,GO:0008955
b2519,GO:0016757
b2520,GO:0006952
b2520,GO:0010466
b2520,GO:0005615
b2520,GO:0005886
b2520,GO:0004866
b2520,GO:0030414
b2520,GO:0042803
b2521,GO:0006979
b2521,GO:0042262
b2521,GO:0046677
b2521,GO:0005737
b2521,GO:0005829
b2521,GO:0004792
b2521,GO:0016740
b2521,GO:0016784
b2523,GO:0006508
b2523,GO:0043171
b2523,GO:0005737
b2523,GO:0005829
b2523,GO:0004177
b2523,GO:0005515
b2523,GO:0008233
b2523,GO:0030145
b2523,GO:0042802
b2523,GO:0046872
b2523,GO:0070006
b2524,GO:0016226
b2524,GO:0005829
b2524,GO:0004857
b2524,GO:0005506
b2524,GO:0005515
b2524,GO:0008198
b2525,GO:0016226
b2525,GO:0022900
b2525,GO:0140647
b2525,GO:0005829
b2525,GO:0005515
b2525,GO:0009055
b2525,GO:0046872
b2525,GO:0051537
b2526,GO:0006457
b2526,GO:0016226
b2526,GO:0042026
b2526,GO:0051085
b2526,GO:0070417
b2526,GO:0097428
b2526,GO:0005829
b2526,GO:1990230
b2526,GO:0005515
b2526,GO:0005524
b2526,GO:0016887
b2526,GO:0031072
b2526,GO:0043531
b2526,GO:0044183
b2526,GO:0051082
b2526,GO:0140662
b2527,GO:0006457
b2527,GO:0044571
b2527,GO:0051259
b2527,GO:0097428
b2527,GO:0005829
b2527,GO:1990230
b2527,GO:0001671
b2527,GO:0005515
b2527,GO:0051087
b2528,GO:0016226
b2528,GO:0097428
b2528,GO:0005737
b2528,GO:0005829
b2528,GO:1990230
b2528,GO:0005506
b2528,GO:0005515
b2528,GO:0008198
b2528,GO:0034986
b2528,GO:0046872
b2528,GO:0051536
b2528,GO:0051537
b2529,GO:0006879
b2529,GO:0016226
b2529,GO:0019448
b2529,GO:0005737
b2529,GO:0005829
b2529,GO:1990330
b2529,GO:0005506
b2529,GO:0005507
b2529,GO:0005515
b2529,GO:0008198
b2529,GO:0008270
b2529,GO:0042802
b2529,GO:0051536
b2529,GO:0051537
b2529,GO:0051539
b2530,GO:0002143
b2530,GO:0002937
b2530,GO:0008033
b2530,GO:0009228
b2530,GO:0009589
b2530,GO:0016226
b2530,GO:0016261
b2530,GO:0018131
b2530,GO:0019448
b2530,GO:0044571
b2530,GO:0072348
b2530,GO:0005737
b2530,GO:0005829
b2530,GO:1990221
b2530,GO:1990228
b2530,GO:1990329
b2530,GO:1990330
b2530,GO:0003824
b2530,GO:0005515
b2530,GO:0009000
b2530,GO:0016740
b2530,GO:0030170
b2530,GO:0031071
b2530,GO:0046872
b2530,GO:0051537
b2530,GO:0097163
b2531,GO:0006355
b2531,GO:0005829
b2531,GO:0003677
b2531,GO:0003690
b2531,GO:0003700
b2531,GO:0005506
b2531,GO:0042802
b2531,GO:0046872
b2531,GO:0051537
b2532,GO:0002128
b2532,GO:0006396
b2532,GO:0008033
b2532,GO:0032259
b2532,GO:0005737
b2532,GO:0005829
b2532,GO:0003723
b2532,GO:0008168
b2532,GO:0008173
b2532,GO:0042803
b2532,GO:0106340
b2533,GO:0006020
b2533,GO:0007165
b2533,GO:0031564
b2533,GO:0042254
b2533,GO:0046854
b2533,GO:0005737
b2533,GO:0005829
b2533,GO:0000287
b2533,GO:0001072
b2533,GO:0003723
b2533,GO:0005515
b2533,GO:0008934
b2533,GO:0016787
b2533,GO:0031403
b2533,GO:0042134
b2533,GO:0046872
b2533,GO:0047954
b2533,GO:0052832
b2533,GO:0052833
b2534,GO:0005886
b2534,GO:0016020
b2535,GO:0006355
b2536,GO:0015767
b2536,GO:0055085
b2536,GO:0005886
b2536,GO:0015293
b2536,GO:0015528
b2536,GO:0030395
b2537,GO:0006355
b2537,GO:0045892
b2537,GO:0045893
b2537,GO:0032993
b2537,GO:0003677
b2537,GO:0003700
b2538,GO:0009056
b2538,GO:0019380
b2538,GO:0009334
b2538,GO:0005506
b2538,GO:0008695
b2538,GO:0046872
b2538,GO:0051213
b2538,GO:0051537
b2539,GO:0009056
b2539,GO:0019380
b2539,GO:0009334
b2539,GO:0008695
b2539,GO:0051213
b2540,GO:0009056
b2540,GO:0019380
b2540,GO:0009334
b2540,GO:0008695
b2540,GO:0046872
b2540,GO:0051536
b2540,GO:0051537
b2541,GO:0009056
b2541,GO:0019380
b2541,GO:0016491
b2541,GO:0018498
b2542,GO:0009056
b2542,GO:0019380
b2542,GO:0005737
b2542,GO:0009334
b2542,GO:0005515
b2542,GO:0008695
b2542,GO:0008860
b2542,GO:0016491
b2542,GO:0016651
b2543,GO:0005886
b2544,GO:0005975
b2544,GO:0006006
b2544,GO:0006974
b2544,GO:0033499
b2544,GO:0004034
b2544,GO:0016853
b2544,GO:0016857
b2544,GO:0030246
b2545,GO:0008270
b2545,GO:0016491
b2545,GO:0016616
b2545,GO:0046872
b2546,GO:0055085
b2546,GO:0005886
b2546,GO:0016020
b2546,GO:0043190
b2546,GO:0055052
b2546,GO:0022857
b2547,GO:0055085
b2547,GO:0016020
b2547,GO:0043190
b2547,GO:0055052
b2547,GO:0005524
b2547,GO:0016887
b2548,GO:0055085
b2548,GO:0016020
b2548,GO:0030288
b2548,GO:0042597
b2548,GO:0055052
b2548,GO:0030246
b2549,GO:0030246
b2550,GO:0006351
b2550,GO:0003677
b2551,GO:0006545
b2551,GO:0006546
b2551,GO:0006564
b2551,GO:0006565
b2551,GO:0006730
b2551,GO:0008652
b2551,GO:0019264
b2551,GO:0035999
b2551,GO:0046653
b2551,GO:0005737
b2551,GO:0005829
b2551,GO:0016020
b2551,GO:0003824
b2551,GO:0004372
b2551,GO:0005515
b2551,GO:0008270
b2551,GO:0008732
b2551,GO:0016740
b2551,GO:0030170
b2551,GO:0042802
b2551,GO:0042803
b2552,GO:0009636
b2552,GO:0015671
b2552,GO:0046210
b2552,GO:0051409
b2552,GO:0071500
b2552,GO:0005737
b2552,GO:0005344
b2552,GO:0005504
b2552,GO:0008941
b2552,GO:0016491
b2552,GO:0019825
b2552,GO:0020037
b2552,GO:0032843
b2552,GO:0046872
b2552,GO:0071949
b2553,GO:0006808
b2553,GO:0042304
b2553,GO:0005829
b2553,GO:0000166
b2553,GO:0005515
b2553,GO:0005524
b2553,GO:0008047
b2553,GO:0030234
b2553,GO:0036094
b2553,GO:0042802
b2554,GO:0000160
b2554,GO:0006351
b2554,GO:0006355
b2554,GO:0045893
b2554,GO:0005737
b2554,GO:0000156
b2554,GO:0000987
b2554,GO:0003677
b2554,GO:0003700
b2554,GO:0005524
b2554,GO:0016887
b2556,GO:0000160
b2556,GO:0007165
b2556,GO:0007234
b2556,GO:0016310
b2556,GO:0018106
b2556,GO:0055082
b2556,GO:0071871
b2556,GO:0005886
b2556,GO:0016020
b2556,GO:0030288
b2556,GO:0000155
b2556,GO:0000156
b2556,GO:0004673
b2556,GO:0005515
b2556,GO:0005524
b2556,GO:0016301
b2556,GO:0016774
b2556,GO:0030295
b2557,GO:0006164
b2557,GO:0006189
b2557,GO:0006541
b2557,GO:0005737
b2557,GO:0005829
b2557,GO:0004642
b2557,GO:0005524
b2557,GO:0016874
b2557,GO:0016887
b2557,GO:0046872
b2558,GO:0000270
b2558,GO:0009253
b2558,GO:0016998
b2558,GO:0071555
b2558,GO:0009279
b2558,GO:0016020
b2558,GO:0030313
b2558,GO:0008933
b2558,GO:0016829
b2559,GO:0002100
b2559,GO:0006382
b2559,GO:0008033
b2559,GO:0008251
b2559,GO:0008270
b2559,GO:0016787
b2559,GO:0042803
b2559,GO:0046872
b2559,GO:0052717
b2560,GO:0006655
b2560,GO:0009395
b2560,GO:0046474
b2560,GO:0005886
b2560,GO:0008962
b2560,GO:0016787
b2560,GO:0046872
b2561,GO:0006355
b2561,GO:1901135
b2561,GO:0003677
b2561,GO:0003700
b2561,GO:0097367
b2562,GO:0002097
b2562,GO:0005737
b2562,GO:0046872
b2562,GO:0051539
b2563,GO:0006633
b2563,GO:0005737
b2563,GO:0000287
b2563,GO:0008897
b2563,GO:0016740
b2563,GO:0046872
b2564,GO:0008615
b2564,GO:0005737
b2564,GO:0005829
b2564,GO:0016740
b2564,GO:0016769
b2564,GO:0033856
b2564,GO:0042802
b2565,GO:0000725
b2565,GO:0006281
b2565,GO:0006302
b2565,GO:0006310
b2565,GO:0009411
b2565,GO:0043590
b2565,GO:0005515
b2566,GO:0000028
b2566,GO:0006468
b2566,GO:0042254
b2566,GO:0042274
b2566,GO:0005737
b2566,GO:0005829
b2566,GO:0005886
b2566,GO:0009898
b2566,GO:0003723
b2566,GO:0003924
b2566,GO:0005515
b2566,GO:0005525
b2566,GO:0019843
b2566,GO:0043024
b2566,GO:0070181
b2566,GO:0097216
b2567,GO:0006364
b2567,GO:0006396
b2567,GO:0006397
b2567,GO:0008033
b2567,GO:0010468
b2567,GO:0005737
b2567,GO:0005829
b2567,GO:0000287
b2567,GO:0003723
b2567,GO:0003725
b2567,GO:0004519
b2567,GO:0004521
b2567,GO:0004525
b2567,GO:0005515
b2567,GO:0005524
b2567,GO:0019843
b2567,GO:0019899
b2567,GO:0042803
b2567,GO:0046872
b2568,GO:0006465
b2568,GO:0006508
b2568,GO:0016485
b2568,GO:0005886
b2568,GO:0016020
b2568,GO:0004175
b2568,GO:0004252
b2568,GO:0008233
b2569,GO:0006412
b2569,GO:0006414
b2569,GO:0009268
b2569,GO:0009409
b2569,GO:0009651
b2569,GO:0042274
b2569,GO:0045727
b2569,GO:0005829
b2569,GO:0005886
b2569,GO:0003746
b2569,GO:0003924
b2569,GO:0005515
b2569,GO:0005525
b2569,GO:0016787
b2569,GO:0042802
b2569,GO:0043022
b2569,GO:0043023
b2569,GO:0043024
b2569,GO:0097216
b2570,GO:0006979
b2570,GO:0005886
b2570,GO:0098797
b2570,GO:1990204
b2570,GO:0016651
b2571,GO:0032885
b2571,GO:0045892
b2571,GO:0050821
b2571,GO:0005886
b2571,GO:0030288
b2571,GO:0042597
b2571,GO:1903865
b2571,GO:0005515
b2571,GO:0008289
b2571,GO:0042802
b2571,GO:0045152
b2572,GO:0006950
b2572,GO:0045892
b2572,GO:0005886
b2572,GO:1903865
b2572,GO:0005515
b2572,GO:0016989
b2572,GO:0060090
b2573,GO:0006351
b2573,GO:0006352
b2573,GO:0006355
b2573,GO:0006970
b2573,GO:0009266
b2573,GO:0036460
b2573,GO:0045892
b2573,GO:0090605
b2573,GO:2000142
b2573,GO:0000345
b2573,GO:0005737
b2573,GO:0005886
b2573,GO:1903865
b2573,GO:0003677
b2573,GO:0005515
b2573,GO:0016987
b2574,GO:0009435
b2574,GO:0019363
b2574,GO:0034628
b2574,GO:0005737
b2574,GO:0005829
b2574,GO:0000166
b2574,GO:0008734
b2574,GO:0016491
b2574,GO:0050660
b2575,GO:0008033
b2575,GO:0030488
b2575,GO:0032259
b2575,GO:0043414
b2575,GO:0005737
b2575,GO:0003676
b2575,GO:0008168
b2575,GO:0008170
b2575,GO:0008757
b2575,GO:0016430
b2576,GO:0000027
b2576,GO:0031555
b2576,GO:0042254
b2576,GO:0005737
b2576,GO:0005829
b2576,GO:0003676
b2576,GO:0003723
b2576,GO:0003724
b2576,GO:0004386
b2576,GO:0005515
b2576,GO:0005524
b2576,GO:0008143
b2576,GO:0008186
b2576,GO:0016787
b2576,GO:0016887
b2576,GO:0033592
b2577,GO:0006355
b2577,GO:0000976
b2577,GO:0003677
b2577,GO:0003700
b2578,GO:0006865
b2578,GO:0033228
b2578,GO:0005886
b2578,GO:0016020
b2578,GO:0015171
b2578,GO:0015562
b2579,GO:0006950
b2579,GO:0005737
b2579,GO:0005829
b2579,GO:0003824
b2579,GO:0005515
b2579,GO:0008861
b2580,GO:0006281
b2580,GO:0006284
b2580,GO:0097510
b2580,GO:0005737
b2580,GO:0004844
b2580,GO:0005515
b2580,GO:0016787
b2581,GO:0006396
b2581,GO:0032259
b2581,GO:0005737
b2581,GO:0005829
b2581,GO:0003723
b2581,GO:0005515
b2581,GO:0008168
b2581,GO:0008173
b2582,GO:0005737
b2582,GO:0005829
b2582,GO:0005515
b2582,GO:0008270
b2582,GO:0015035
b2582,GO:0015036
b2582,GO:0016491
b2582,GO:0046872
b2582,GO:0047134
b2583,GO:0006400
b2583,GO:0008033
b2583,GO:0008270
b2583,GO:0016432
b2583,GO:0016740
b2583,GO:0046872
b2584,GO:0006979
b2584,GO:0009408
b2584,GO:0032991
b2584,GO:0003824
b2584,GO:0005515
b2584,GO:0005524
b2584,GO:0016746
b2584,GO:0016747
b2584,GO:0042802
b2584,GO:0046872
b2584,GO:0061733
b2585,GO:0006793
b2585,GO:0008654
b2585,GO:0032049
b2585,GO:0005737
b2585,GO:0005829
b2585,GO:0005886
b2585,GO:0003882
b2585,GO:0005515
b2585,GO:0005543
b2585,GO:0008444
b2585,GO:0016740
b2587,GO:0055085
b2587,GO:0098655
b2587,GO:0005886
b2587,GO:0016020
b2587,GO:0015293
b2587,GO:0015294
b2587,GO:0022857
b2592,GO:0009408
b2592,GO:0034605
b2592,GO:0042026
b2592,GO:0005737
b2592,GO:0005829
b2592,GO:0016020
b2592,GO:0005515
b2592,GO:0005524
b2592,GO:0016887
b2592,GO:0042802
b2593,GO:0000270
b2593,GO:0005829
b2593,GO:0030288
b2593,GO:0004000
b2593,GO:0004731
b2593,GO:0005507
b2593,GO:0016491
b2593,GO:0016682
b2593,GO:0016740
b2593,GO:0016787
b2593,GO:0017061
b2593,GO:0042803
b2593,GO:0046872
b2593,GO:0046936
b2594,GO:0000027
b2594,GO:0000455
b2594,GO:0001522
b2594,GO:0006364
b2594,GO:0005829
b2594,GO:0003723
b2594,GO:0005515
b2594,GO:0009982
b2594,GO:0016853
b2594,GO:0043024
b2594,GO:0120159
b2594,GO:0160140
b2595,GO:0043165
b2595,GO:0051205
b2595,GO:0009279
b2595,GO:0016020
b2595,GO:1990063
b2595,GO:0005515
b2597,GO:0006417
b2597,GO:0009409
b2597,GO:0022611
b2597,GO:0045900
b2597,GO:0045947
b2597,GO:0005829
b2597,GO:0022627
b2597,GO:0005515
b2597,GO:0019843
b2597,GO:0043024
b2599,GO:0006571
b2599,GO:0009094
b2599,GO:0019752
b2599,GO:0046417
b2599,GO:0005737
b2599,GO:0004106
b2599,GO:0004664
b2599,GO:0016829
b2599,GO:0016836
b2599,GO:0016853
b2599,GO:0042803
b2600,GO:0006571
b2600,GO:0009094
b2600,GO:0019752
b2600,GO:0046417
b2600,GO:0005737
b2600,GO:0004106
b2600,GO:0004665
b2600,GO:0008977
b2600,GO:0016491
b2600,GO:0016853
b2600,GO:0042803
b2600,GO:0070403
b2601,GO:0008652
b2601,GO:0009073
b2601,GO:0009423
b2601,GO:0005737
b2601,GO:0003849
b2601,GO:0016740
b2601,GO:0042802
b2603,GO:0071978
b2603,GO:0042597
b2604,GO:0007165
b2604,GO:0036460
b2604,GO:0043709
b2604,GO:1902201
b2604,GO:0005886
b2604,GO:0016020
b2604,GO:0032153
b2604,GO:0005515
b2604,GO:0005525
b2604,GO:0016740
b2604,GO:0042802
b2604,GO:0046872
b2604,GO:0052621
b2605,GO:0005886
b2605,GO:0016020
b2606,GO:0000027
b2606,GO:0002181
b2606,GO:0006412
b2606,GO:0005737
b2606,GO:0005829
b2606,GO:0005840
b2606,GO:0022625
b2606,GO:1990904
b2606,GO:0003735
b2606,GO:0019843
b2606,GO:0070180
b2607,GO:0002939
b2607,GO:0006400
b2607,GO:0008033
b2607,GO:0030488
b2607,GO:0032259
b2607,GO:0005737
b2607,GO:0005829
b2607,GO:0000287
b2607,GO:0008168
b2607,GO:0042802
b2607,GO:0042803
b2607,GO:0052906
b2608,GO:0000028
b2608,GO:0006364
b2608,GO:0030490
b2608,GO:0042254
b2608,GO:0042274
b2608,GO:0005737
b2608,GO:0005829
b2608,GO:0005840
b2608,GO:0005515
b2608,GO:0019843
b2608,GO:0043022
b2609,GO:0000028
b2609,GO:0002181
b2609,GO:0006259
b2609,GO:0006412
b2609,GO:0005737
b2609,GO:0005840
b2609,GO:0015935
b2609,GO:0022627
b2609,GO:1990904
b2609,GO:0000400
b2609,GO:0003735
b2609,GO:0004519
b2609,GO:0004520
b2610,GO:0006612
b2610,GO:0006614
b2610,GO:0005737
b2610,GO:0005829
b2610,GO:0048500
b2610,GO:1990904
b2610,GO:0003723
b2610,GO:0003924
b2610,GO:0005515
b2610,GO:0005525
b2610,GO:0008312
b2610,GO:0016787
b2610,GO:0016887
b2611,GO:0017004
b2611,GO:0005886
b2611,GO:0020037
b2614,GO:0006457
b2614,GO:0009408
b2614,GO:0043335
b2614,GO:0051085
b2614,GO:0065003
b2614,GO:0005737
b2614,GO:0005829
b2614,GO:0032991
b2614,GO:0000774
b2614,GO:0005515
b2614,GO:0019904
b2614,GO:0042803
b2614,GO:0051082
b2614,GO:0051087
b2615,GO:0006741
b2615,GO:0016310
b2615,GO:0019674
b2615,GO:0005737
b2615,GO:0005829
b2615,GO:0003951
b2615,GO:0005524
b2615,GO:0016301
b2615,GO:0046872
b2615,GO:0051287
b2616,GO:0000724
b2616,GO:0000725
b2616,GO:0006281
b2616,GO:0006302
b2616,GO:0006310
b2616,GO:0006974
b2616,GO:0009314
b2616,GO:0009411
b2616,GO:0009432
b2616,GO:0010165
b2616,GO:0010212
b2616,GO:0036298
b2616,GO:0005737
b2616,GO:0005829
b2616,GO:0043590
b2616,GO:0005515
b2616,GO:0005524
b2617,GO:0043165
b2617,GO:0046677
b2617,GO:0051205
b2617,GO:0009279
b2617,GO:0016020
b2617,GO:0019867
b2617,GO:1990063
b2617,GO:0005515
b2617,GO:0030674
b2617,GO:0042802
b2617,GO:1901612
b2619,GO:0045333
b2619,GO:0045947
b2619,GO:0043023
b2619,GO:0048039
b2620,GO:0070929
b2620,GO:0005737
b2620,GO:0005829
b2620,GO:0003723
b2622,GO:0006310
b2622,GO:0015074
b2622,GO:0032359
b2622,GO:0044826
b2622,GO:0046718
b2622,GO:0075713
b2622,GO:0003677
b2622,GO:0005515
b2622,GO:0008979
b2624,GO:0044010
b2624,GO:0045893
b2624,GO:0003677
b2625,GO:0005829
b2627,GO:0010212
b2627,GO:0051607
b2627,GO:0003676
b2627,GO:0004386
b2627,GO:0005515
b2627,GO:0005524
b2627,GO:0016787
b2628,GO:0051607
b2628,GO:0004518
b2628,GO:0005515
b2630,GO:0006355
b2630,GO:0006402
b2630,GO:0040008
b2630,GO:0044010
b2630,GO:0051607
b2630,GO:0005737
b2630,GO:0110001
b2630,GO:0004519
b2630,GO:0004521
b2630,GO:0005515
b2630,GO:0042803
b2631,GO:0006355
b2631,GO:0040008
b2631,GO:0044010
b2631,GO:0110001
b2631,GO:0005515
b2632,GO:0002098
b2632,GO:0030488
b2632,GO:0005737
b2632,GO:0005829
b2632,GO:0005525
b2634,GO:0006355
b2634,GO:1900190
b2634,GO:0003677
b2634,GO:0003700
b2636,GO:0005886
b2642,GO:0005886
b2644,GO:0006508
b2644,GO:0034605
b2644,GO:0034614
b2644,GO:1990451
b2644,GO:0008237
b2644,GO:0046872
b2645,GO:0051495
b2646,GO:0005515
b2647,GO:0007155
b2647,GO:0009279
b2647,GO:0019867
b2659,GO:0019477
b2659,GO:0090549
b2659,GO:0032991
b2659,GO:0005506
b2659,GO:0008198
b2659,GO:0042802
b2659,GO:0046872
b2659,GO:0050498
b2659,GO:0051213
b2659,GO:0106343
b2660,GO:0006554
b2660,GO:0019477
b2660,GO:0005737
b2660,GO:0005886
b2660,GO:0005515
b2660,GO:0016491
b2660,GO:0016614
b2660,GO:0016901
b2660,GO:0047545
b2660,GO:0050660
b2660,GO:0140696
b2661,GO:0009450
b2661,GO:0051289
b2661,GO:1990748
b2661,GO:0005829
b2661,GO:0032991
b2661,GO:0004777
b2661,GO:0009013
b2661,GO:0016491
b2661,GO:0016620
b2661,GO:0036243
b2661,GO:0042802
b2661,GO:0050661
b2661,GO:0102810
b2662,GO:0009448
b2662,GO:0009450
b2662,GO:0042450
b2662,GO:0005829
b2662,GO:0003992
b2662,GO:0008483
b2662,GO:0030170
b2662,GO:0034386
b2662,GO:0042803
b2662,GO:0047589
b2663,GO:0006865
b2663,GO:0006974
b2663,GO:0006995
b2663,GO:0009450
b2663,GO:0015812
b2663,GO:0055085
b2663,GO:0090549
b2663,GO:0005886
b2663,GO:0016020
b2663,GO:0015185
b2663,GO:0015291
b2664,GO:0006355
b2664,GO:2000143
b2664,GO:0005737
b2664,GO:0003677
b2664,GO:0003700
b2665,GO:0035864
b2665,GO:0005737
b2665,GO:0030955
b2666,GO:0046677
b2666,GO:0005886
b2666,GO:0016020
b2667,GO:0006355
b2667,GO:0003677
b2667,GO:0003700
b2668,GO:0005886
b2668,GO:0004792
b2669,GO:0006355
b2669,GO:0045892
b2669,GO:0005737
b2669,GO:0005829
b2669,GO:0009295
b2669,GO:0032993
b2669,GO:0000976
b2669,GO:0001217
b2669,GO:0003677
b2669,GO:0003680
b2669,GO:0003681
b2669,GO:0003723
b2669,GO:0005515
b2669,GO:0030527
b2669,GO:0046983
b2670,GO:0006865
b2670,GO:0015808
b2670,GO:0032973
b2670,GO:0033554
b2670,GO:1902475
b2670,GO:0005886
b2670,GO:0016020
b2670,GO:0034639
b2672,GO:0005829
b2672,GO:0005886
b2672,GO:0043022
b2673,GO:0045454
b2673,GO:0009055
b2674,GO:0036211
b2674,GO:0005515
b2674,GO:0010181
b2675,GO:0009185
b2675,GO:0009263
b2675,GO:0009265
b2675,GO:0015949
b2675,GO:0005971
b2675,GO:0004748
b2675,GO:0005524
b2675,GO:0016491
b2676,GO:0009185
b2676,GO:0009263
b2676,GO:0009265
b2676,GO:0005971
b2676,GO:0004748
b2676,GO:0005515
b2676,GO:0016491
b2676,GO:0030145
b2676,GO:0046872
b2677,GO:0006865
b2677,GO:0006972
b2677,GO:0015837
b2677,GO:0031460
b2677,GO:0071470
b2677,GO:0089718
b2677,GO:1903804
b2677,GO:0005886
b2677,GO:0016020
b2677,GO:0043190
b2677,GO:1990222
b2677,GO:0005034
b2677,GO:0005275
b2677,GO:0005515
b2677,GO:0005524
b2677,GO:0016887
b2678,GO:0006865
b2678,GO:0006972
b2678,GO:0015837
b2678,GO:0015871
b2678,GO:0031460
b2678,GO:0055085
b2678,GO:0071470
b2678,GO:0089718
b2678,GO:1902603
b2678,GO:1903804
b2678,GO:0005886
b2678,GO:0016020
b2678,GO:0043190
b2678,GO:1990222
b2678,GO:0005275
b2678,GO:0005515
b2678,GO:0015226
b2679,GO:0006865
b2679,GO:0006972
b2679,GO:0031460
b2679,GO:0055085
b2679,GO:0071470
b2679,GO:0089718
b2679,GO:1903804
b2679,GO:0016020
b2679,GO:0030288
b2679,GO:0042597
b2679,GO:0043190
b2679,GO:1990222
b2679,GO:0005515
b2679,GO:0022857
b2679,GO:0050997
b2682,GO:1903785
b2682,GO:0005886
b2682,GO:1902495
b2683,GO:1903785
b2683,GO:0005886
b2683,GO:1902495
b2684,GO:0006351
b2684,GO:0006355
b2684,GO:0006950
b2684,GO:0045892
b2684,GO:0046677
b2684,GO:0005829
b2684,GO:0003677
b2684,GO:0003700
b2685,GO:0009636
b2685,GO:0015721
b2685,GO:0046677
b2685,GO:0048545
b2685,GO:0140330
b2685,GO:1990961
b2685,GO:0005886
b2685,GO:0030288
b2685,GO:0098567
b2685,GO:1990281
b2685,GO:0005515
b2685,GO:0015125
b2685,GO:0042802
b2685,GO:0042910
b2686,GO:0009636
b2686,GO:0015721
b2686,GO:0046677
b2686,GO:0048545
b2686,GO:0055085
b2686,GO:0140330
b2686,GO:1990961
b2686,GO:0005886
b2686,GO:0016020
b2686,GO:0098567
b2686,GO:1990281
b2686,GO:0005515
b2686,GO:0015125
b2686,GO:0022857
b2687,GO:0009372
b2687,GO:0019284
b2687,GO:0005829
b2687,GO:0005506
b2687,GO:0005515
b2687,GO:0016829
b2687,GO:0043768
b2687,GO:0046872
b2688,GO:0006750
b2688,GO:0006972
b2688,GO:0071243
b2688,GO:0071288
b2688,GO:0005829
b2688,GO:0004357
b2688,GO:0005524
b2688,GO:0016874
b2688,GO:0016879
b2688,GO:0046872
b2689,GO:0071978
b2689,GO:0005886
b2690,GO:0005975
b2690,GO:0000287
b2690,GO:0008801
b2690,GO:0016787
b2690,GO:0016791
b2690,GO:0046872
b2690,GO:0050308
b2696,GO:0006109
b2696,GO:0006402
b2696,GO:0006417
b2696,GO:0017148
b2696,GO:0045947
b2696,GO:0045948
b2696,GO:0048255
b2696,GO:0005737
b2696,GO:0005829
b2696,GO:0003723
b2696,GO:0048027
b2697,GO:0006412
b2697,GO:0006419
b2697,GO:0045892
b2697,GO:0106074
b2697,GO:0005737
b2697,GO:0005829
b2697,GO:0016020
b2697,GO:0000049
b2697,GO:0001217
b2697,GO:0002161
b2697,GO:0002196
b2697,GO:0003676
b2697,GO:0004812
b2697,GO:0004813
b2697,GO:0005524
b2697,GO:0008270
b2697,GO:0042802
b2697,GO:0042803
b2697,GO:0046872
b2697,GO:0141207
b2698,GO:0006281
b2698,GO:0006282
b2698,GO:0006974
b2698,GO:0009432
b2698,GO:0005737
b2698,GO:0005515
b2698,GO:0019899
b2699,GO:0000725
b2699,GO:0006281
b2699,GO:0006310
b2699,GO:0006974
b2699,GO:0009432
b2699,GO:0010212
b2699,GO:0019985
b2699,GO:0035825
b2699,GO:0048870
b2699,GO:0005737
b2699,GO:0009355
b2699,GO:0003677
b2699,GO:0003684
b2699,GO:0003697
b2699,GO:0005515
b2699,GO:0005524
b2699,GO:0008094
b2699,GO:0016887
b2699,GO:0140297
b2699,GO:0140664
b2700,GO:0019363
b2700,GO:0016787
b2700,GO:0019159
b2701,GO:0009253
b2701,GO:0071555
b2701,GO:0009279
b2701,GO:0030288
b2701,GO:0005509
b2701,GO:0005515
b2701,GO:0008932
b2701,GO:0008933
b2701,GO:0016829
b2701,GO:0031402
b2702,GO:0009401
b2702,GO:0015795
b2702,GO:0005886
b2702,GO:0016020
b2702,GO:1902495
b2703,GO:0009401
b2703,GO:0015795
b2703,GO:0016310
b2703,GO:0005886
b2703,GO:0016020
b2703,GO:1902495
b2703,GO:0008982
b2703,GO:0016301
b2703,GO:0090563
b2704,GO:0009401
b2704,GO:0015795
b2704,GO:0016310
b2704,GO:0005737
b2704,GO:1902495
b2704,GO:0008982
b2704,GO:0016301
b2704,GO:0016773
b2705,GO:0006062
b2705,GO:0051289
b2705,GO:0032991
b2705,GO:0009010
b2705,GO:0016491
b2705,GO:0016616
b2705,GO:0042802
b2706,GO:0006355
b2706,GO:0009401
b2706,GO:0003677
b2707,GO:0006355
b2707,GO:0009401
b2707,GO:0045892
b2707,GO:0003677
b2707,GO:0003700
b2707,GO:0005515
b2708,GO:0005975
b2708,GO:0009103
b2708,GO:0019294
b2708,GO:0044010
b2708,GO:0051289
b2708,GO:1901135
b2708,GO:0005524
b2708,GO:0016853
b2708,GO:0019146
b2708,GO:0042802
b2708,GO:0046872
b2708,GO:0097367
b2709,GO:0000160
b2709,GO:0006355
b2709,GO:2000144
b2709,GO:0000987
b2709,GO:0003677
b2709,GO:0003700
b2709,GO:0005524
b2709,GO:0008198
b2709,GO:0016887
b2709,GO:0042802
b2709,GO:0070026
b2710,GO:0046210
b2710,GO:0071731
b2710,GO:0005737
b2710,GO:0032991
b2710,GO:0005506
b2710,GO:0009055
b2710,GO:0010181
b2710,GO:0016491
b2710,GO:0016661
b2710,GO:0016966
b2710,GO:0042802
b2710,GO:0046872
b2711,GO:0046210
b2711,GO:0071732
b2711,GO:0005737
b2711,GO:0015044
b2711,GO:0016491
b2711,GO:0016731
b2711,GO:0050660
b2712,GO:0046944
b2712,GO:0051604
b2712,GO:0065003
b2712,GO:1904949
b2712,GO:0003725
b2712,GO:0005515
b2712,GO:0008270
b2712,GO:0016743
b2712,GO:0016874
b2712,GO:0046872
b2713,GO:0005515
b2713,GO:0009055
b2713,GO:0046872
b2713,GO:0051539
b2714,GO:0006351
b2714,GO:0006355
b2714,GO:0045892
b2714,GO:0000976
b2714,GO:0003677
b2714,GO:0003700
b2714,GO:0043565
b2715,GO:0009401
b2715,GO:0015771
b2715,GO:0016310
b2715,GO:0005886
b2715,GO:0016020
b2715,GO:0008982
b2715,GO:0016301
b2715,GO:0090589
b2716,GO:0005975
b2716,GO:0016052
b2716,GO:2000892
b2716,GO:0005829
b2716,GO:0004553
b2716,GO:0008422
b2716,GO:0008706
b2716,GO:0016798
b2717,GO:0006508
b2717,GO:0016485
b2717,GO:0004175
b2717,GO:0004190
b2717,GO:0005515
b2717,GO:0008047
b2717,GO:0008233
b2717,GO:0046872
b2718,GO:0065003
b2719,GO:0006007
b2719,GO:0009061
b2719,GO:0015944
b2719,GO:0019645
b2719,GO:1902600
b2719,GO:0009326
b2719,GO:0005515
b2719,GO:0008137
b2719,GO:0016491
b2719,GO:0046872
b2719,GO:0048038
b2719,GO:0051539
b2720,GO:0006007
b2720,GO:0009060
b2720,GO:0009061
b2720,GO:0015944
b2720,GO:0019645
b2720,GO:0009326
b2720,GO:0016020
b2720,GO:0003954
b2720,GO:0016651
b2720,GO:0046872
b2720,GO:0051539
b2721,GO:0006007
b2721,GO:0009061
b2721,GO:0015944
b2721,GO:0019645
b2721,GO:1902600
b2721,GO:0009326
b2721,GO:0005515
b2721,GO:0008137
b2721,GO:0016151
b2721,GO:0016491
b2721,GO:0046872
b2721,GO:0048038
b2721,GO:0051287
b2721,GO:0051539
b2722,GO:0006007
b2722,GO:0009061
b2722,GO:0015944
b2722,GO:0019645
b2722,GO:0005886
b2722,GO:0009326
b2722,GO:0016020
b2722,GO:0016491
b2723,GO:0006007
b2723,GO:0009061
b2723,GO:0015944
b2723,GO:0019645
b2723,GO:0042773
b2723,GO:1902600
b2723,GO:0005886
b2723,GO:0009326
b2723,GO:0008137
b2723,GO:0016491
b2724,GO:0006007
b2724,GO:0009061
b2724,GO:0015944
b2724,GO:0019645
b2724,GO:0009326
b2724,GO:0046872
b2724,GO:0051539
b2726,GO:0036211
b2726,GO:0051604
b2726,GO:0065003
b2726,GO:0110147
b2726,GO:0005886
b2726,GO:1905360
b2726,GO:0005515
b2726,GO:0008270
b2726,GO:0016151
b2726,GO:0016530
b2726,GO:0042802
b2726,GO:0046872
b2727,GO:0051604
b2727,GO:0065003
b2727,GO:0110147
b2727,GO:1905360
b2727,GO:0003924
b2727,GO:0005515
b2727,GO:0005525
b2727,GO:0008270
b2727,GO:0016151
b2727,GO:0016530
b2727,GO:0016787
b2727,GO:0042803
b2727,GO:0046872
b2727,GO:0097216
b2728,GO:0051604
b2728,GO:0065003
b2728,GO:0005506
b2728,GO:0005515
b2728,GO:0042802
b2728,GO:1902670
b2729,GO:0051604
b2729,GO:0065003
b2729,GO:0005506
b2729,GO:0005515
b2729,GO:0016887
b2729,GO:0046872
b2729,GO:0051539
b2729,GO:0070025
b2730,GO:0051604
b2730,GO:0065003
b2730,GO:1904949
b2730,GO:0005515
b2730,GO:0016829
b2731,GO:0000160
b2731,GO:0006351
b2731,GO:0006355
b2731,GO:2000144
b2731,GO:0005667
b2731,GO:0000987
b2731,GO:0003677
b2731,GO:0005515
b2731,GO:0005524
b2731,GO:0016887
b2731,GO:0042802
b2731,GO:0043565
b2733,GO:0000018
b2733,GO:0006281
b2733,GO:0006298
b2733,GO:0006974
b2733,GO:0005829
b2733,GO:0032300
b2733,GO:1990710
b2733,GO:0003677
b2733,GO:0003684
b2733,GO:0005515
b2733,GO:0005524
b2733,GO:0008301
b2733,GO:0016887
b2733,GO:0030983
b2733,GO:0032136
b2733,GO:0042802
b2733,GO:0043531
b2733,GO:0140664
b2734,GO:0110154
b2734,GO:0005737
b2734,GO:0004721
b2734,GO:0004722
b2734,GO:0008138
b2734,GO:0008803
b2734,GO:0016787
b2734,GO:0016791
b2734,GO:0017018
b2734,GO:0046872
b2735,GO:0006355
b2735,GO:0003677
b2735,GO:0003700
b2740,GO:0035429
b2740,GO:0005886
b2740,GO:0016020
b2740,GO:0015128
b2741,GO:0006351
b2741,GO:0006352
b2741,GO:0006355
b2741,GO:0006950
b2741,GO:0010468
b2741,GO:0045892
b2741,GO:2000142
b2741,GO:0000345
b2741,GO:0005737
b2741,GO:1903865
b2741,GO:0001000
b2741,GO:0003677
b2741,GO:0005515
b2741,GO:0016987
b2742,GO:0009410
b2742,GO:0051301
b2742,GO:0005886
b2742,GO:0009279
b2742,GO:0032153
b2742,GO:0004222
b2743,GO:0030091
b2743,GO:0032259
b2743,GO:0036211
b2743,GO:0005737
b2743,GO:0004719
b2743,GO:0008168
b2745,GO:0001522
b2745,GO:0006396
b2745,GO:0008033
b2745,GO:0031119
b2745,GO:0005829
b2745,GO:0003723
b2745,GO:0009982
b2745,GO:0016853
b2745,GO:0106029
b2745,GO:0140098
b2745,GO:0160150
b2746,GO:0006744
b2746,GO:0008299
b2746,GO:0016114
b2746,GO:0019288
b2746,GO:0005515
b2746,GO:0008270
b2746,GO:0008685
b2746,GO:0016829
b2746,GO:0030145
b2746,GO:0042802
b2746,GO:0046872
b2747,GO:0008299
b2747,GO:0019288
b2747,GO:0005829
b2747,GO:0000287
b2747,GO:0016779
b2747,GO:0042802
b2747,GO:0050518
b2748,GO:0000917
b2748,GO:0043093
b2748,GO:0051301
b2748,GO:0005886
b2748,GO:0030428
b2748,GO:0032153
b2748,GO:1990586
b2748,GO:1990587
b2748,GO:1990588
b2748,GO:0005515
b2748,GO:0042802
b2749,GO:0005886
b2750,GO:0000103
b2750,GO:0016310
b2750,GO:0070814
b2750,GO:0004020
b2750,GO:0005524
b2750,GO:0016301
b2750,GO:0042802
b2751,GO:0000103
b2751,GO:0006790
b2751,GO:0070814
b2751,GO:0009336
b2751,GO:0003924
b2751,GO:0004781
b2751,GO:0005515
b2751,GO:0005524
b2751,GO:0005525
b2751,GO:0016779
b2752,GO:0000103
b2752,GO:0006790
b2752,GO:0006979
b2752,GO:0070814
b2752,GO:0009336
b2752,GO:0004781
b2752,GO:0005515
b2752,GO:0005524
b2752,GO:0016779
b2753,GO:0006508
b2753,GO:0043687
b2753,GO:0030288
b2753,GO:0004177
b2753,GO:0008235
b2753,GO:0046872
b2756,GO:0006396
b2756,GO:0051607
b2756,GO:0099048
b2756,GO:0032991
b2756,GO:0003723
b2756,GO:0004519
b2756,GO:0004521
b2756,GO:0005515
b2757,GO:0043571
b2757,GO:0051607
b2757,GO:0099048
b2757,GO:0032991
b2757,GO:0003723
b2757,GO:0005515
b2757,GO:0071667
b2758,GO:0051607
b2758,GO:0099048
b2758,GO:0032991
b2758,GO:0003723
b2758,GO:0005515
b2758,GO:0071667
b2759,GO:0051607
b2759,GO:0099048
b2759,GO:0032991
b2759,GO:0003676
b2759,GO:0003677
b2759,GO:0003723
b2759,GO:0005515
b2760,GO:0051607
b2760,GO:0099048
b2760,GO:0032991
b2760,GO:0003677
b2760,GO:0003723
b2760,GO:0005515
b2760,GO:0008270
b2762,GO:0006790
b2762,GO:0019379
b2762,GO:0070814
b2762,GO:0005737
b2762,GO:0004604
b2762,GO:0016491
b2763,GO:0000103
b2763,GO:0008652
b2763,GO:0019344
b2763,GO:0070814
b2763,GO:0009337
b2763,GO:0004783
b2763,GO:0016002
b2763,GO:0016491
b2763,GO:0020037
b2763,GO:0046872
b2763,GO:0050311
b2763,GO:0050661
b2763,GO:0051539
b2764,GO:0000103
b2764,GO:0019344
b2764,GO:0070814
b2764,GO:0005829
b2764,GO:0009337
b2764,GO:0004783
b2764,GO:0005515
b2764,GO:0010181
b2764,GO:0016491
b2764,GO:0042602
b2764,GO:0050660
b2764,GO:0070401
b2765,GO:0008616
b2765,GO:0008270
b2765,GO:0016829
b2765,GO:0042802
b2765,GO:0046872
b2765,GO:0070497
b2766,GO:0005886
b2766,GO:0016491
b2767,GO:0009294
b2767,GO:0005506
b2767,GO:0046872
b2767,GO:0051536
b2768,GO:0006071
b2768,GO:0006355
b2768,GO:0031564
b2768,GO:0005515
b2769,GO:0033539
b2769,GO:0009055
b2769,GO:0050660
b2770,GO:0009055
b2771,GO:0055085
b2771,GO:0005886
b2771,GO:0016020
b2771,GO:0022857
b2774,GO:0006974
b2774,GO:0016491
b2774,GO:0016616
b2775,GO:0055085
b2775,GO:0005886
b2775,GO:0022857
b2776,GO:0005975
b2776,GO:0016310
b2776,GO:0016301
b2777,GO:0008616
b2777,GO:0032466
b2777,GO:0005829
b2777,GO:0032153
b2777,GO:0000287
b2777,GO:0003824
b2777,GO:0016829
b2777,GO:0016840
b2777,GO:0046872
b2777,GO:0051536
b2777,GO:0051539
b2777,GO:1904047
b2778,GO:0005886
b2779,GO:0006096
b2779,GO:0006396
b2779,GO:0006401
b2779,GO:0000015
b2779,GO:0005576
b2779,GO:0005737
b2779,GO:0005829
b2779,GO:0005856
b2779,GO:0009986
b2779,GO:0016020
b2779,GO:1990061
b2779,GO:0000287
b2779,GO:0004634
b2779,GO:0005515
b2779,GO:0016829
b2779,GO:0042802
b2779,GO:0042803
b2779,GO:0046872
b2780,GO:0006221
b2780,GO:0006241
b2780,GO:0006541
b2780,GO:0019856
b2780,GO:0044210
b2780,GO:0051289
b2780,GO:0005737
b2780,GO:0005829
b2780,GO:0032991
b2780,GO:0097268
b2780,GO:0000287
b2780,GO:0003883
b2780,GO:0004359
b2780,GO:0005524
b2780,GO:0016874
b2780,GO:0042802
b2780,GO:0046872
b2781,GO:0006203
b2781,GO:0009267
b2781,GO:0046047
b2781,GO:0046052
b2781,GO:0046061
b2781,GO:0046076
b2781,GO:0046081
b2781,GO:0005515
b2781,GO:0005524
b2781,GO:0016787
b2781,GO:0046872
b2781,GO:0047429
b2781,GO:0047693
b2782,GO:0006355
b2782,GO:0006402
b2782,GO:0006417
b2782,GO:0009372
b2782,GO:0016075
b2782,GO:0030308
b2782,GO:0040008
b2782,GO:0043068
b2782,GO:0044010
b2782,GO:0051607
b2782,GO:0032991
b2782,GO:0110001
b2782,GO:0003677
b2782,GO:0003723
b2782,GO:0004519
b2782,GO:0004521
b2782,GO:0005515
b2782,GO:0042803
b2782,GO:0044877
b2782,GO:0140677
b2783,GO:0006355
b2783,GO:0040008
b2783,GO:0044010
b2783,GO:0032991
b2783,GO:0110001
b2783,GO:0003677
b2783,GO:0003690
b2783,GO:0005515
b2783,GO:0042803
b2783,GO:0044877
b2783,GO:0097351
b2784,GO:0015949
b2784,GO:0015969
b2784,GO:0015970
b2784,GO:0016310
b2784,GO:0042594
b2784,GO:0005515
b2784,GO:0005524
b2784,GO:0005525
b2784,GO:0008728
b2784,GO:0008893
b2784,GO:0016301
b2785,GO:0006364
b2785,GO:0006396
b2785,GO:0009451
b2785,GO:0031167
b2785,GO:0032259
b2785,GO:0070475
b2785,GO:0003723
b2785,GO:0005506
b2785,GO:0008168
b2785,GO:0008173
b2785,GO:0008757
b2785,GO:0046872
b2785,GO:0051539
b2785,GO:0070041
b2786,GO:0000160
b2786,GO:0007165
b2786,GO:0010034
b2786,GO:0016310
b2786,GO:0018106
b2786,GO:0042542
b2786,GO:1901425
b2786,GO:0005886
b2786,GO:0016020
b2786,GO:0000155
b2786,GO:0004673
b2786,GO:0004721
b2786,GO:0005515
b2786,GO:0005524
b2786,GO:0009927
b2786,GO:0016301
b2786,GO:0042803
b2787,GO:0019394
b2787,GO:0042838
b2787,GO:0000287
b2787,GO:0008872
b2787,GO:0016829
b2787,GO:0046872
b2788,GO:0009063
b2788,GO:0044248
b2788,GO:0016829
b2788,GO:0046872
b2789,GO:0019580
b2789,GO:0042836
b2789,GO:0055085
b2789,GO:0098656
b2789,GO:0005886
b2789,GO:0016020
b2789,GO:0015296
b2789,GO:0022857
b2790,GO:0000166
b2790,GO:0010181
b2791,GO:0000455
b2791,GO:0001522
b2791,GO:0006396
b2791,GO:0006399
b2791,GO:0008033
b2791,GO:0009451
b2791,GO:0031119
b2791,GO:0005829
b2791,GO:0003723
b2791,GO:0009982
b2791,GO:0016853
b2791,GO:0106029
b2791,GO:0140098
b2791,GO:0160149
b2792,GO:0044010
b2793,GO:0043254
b2793,GO:0005737
b2793,GO:0005886
b2793,GO:0009898
b2793,GO:0005515
b2794,GO:0006400
b2794,GO:0008616
b2794,GO:0005737
b2794,GO:0005829
b2794,GO:0016491
b2794,GO:0033739
b2795,GO:0051289
b2795,GO:0005829
b2795,GO:0032991
b2795,GO:0008714
b2795,GO:0016787
b2795,GO:0042802
b2795,GO:0047405
b2795,GO:0047723
b2795,GO:0097216
b2796,GO:0003333
b2796,GO:0006865
b2796,GO:0015825
b2796,GO:0005886
b2796,GO:0016020
b2796,GO:0015171
b2796,GO:0015194
b2796,GO:0015293
b2797,GO:0006094
b2797,GO:0006565
b2797,GO:0003941
b2797,GO:0016829
b2797,GO:0046872
b2797,GO:0051539
b2798,GO:0033567
b2798,GO:0000287
b2798,GO:0003677
b2798,GO:0004519
b2798,GO:0005515
b2798,GO:0008409
b2798,GO:0016788
b2798,GO:0017108
b2798,GO:0030955
b2798,GO:0046872
b2799,GO:0006004
b2799,GO:0019301
b2799,GO:0019317
b2799,GO:0042355
b2799,GO:0042846
b2799,GO:0051143
b2799,GO:0005829
b2799,GO:0000166
b2799,GO:0004022
b2799,GO:0008198
b2799,GO:0008912
b2799,GO:0016491
b2799,GO:0016616
b2799,GO:0042803
b2799,GO:0046872
b2799,GO:0052660
b2799,GO:0052661
b2800,GO:0005996
b2800,GO:0006004
b2800,GO:0019317
b2800,GO:0019323
b2800,GO:0019568
b2800,GO:0019571
b2800,GO:0042355
b2800,GO:0005829
b2800,GO:0008270
b2800,GO:0008738
b2800,GO:0016829
b2800,GO:0016830
b2800,GO:0016832
b2800,GO:0046872
b2801,GO:0006004
b2801,GO:0015751
b2801,GO:0015755
b2801,GO:0015756
b2801,GO:0015757
b2801,GO:0005886
b2801,GO:0016020
b2801,GO:0009679
b2801,GO:0015293
b2801,GO:0015517
b2801,GO:0015518
b2801,GO:0015535
b2802,GO:0006004
b2802,GO:0019317
b2802,GO:0019571
b2802,GO:0042355
b2802,GO:0005737
b2802,GO:0005829
b2802,GO:0008736
b2802,GO:0008790
b2802,GO:0016853
b2802,GO:0030145
b2802,GO:0042802
b2802,GO:0046872
b2803,GO:0005975
b2803,GO:0006004
b2803,GO:0016310
b2803,GO:0019301
b2803,GO:0019317
b2803,GO:0019571
b2803,GO:0042355
b2803,GO:0046835
b2803,GO:0005829
b2803,GO:0004370
b2803,GO:0005524
b2803,GO:0008737
b2803,GO:0016301
b2804,GO:0006004
b2804,GO:0036065
b2804,GO:0042354
b2804,GO:0005737
b2804,GO:0016853
b2804,GO:0016854
b2804,GO:0016857
b2804,GO:0036373
b2804,GO:0042802
b2804,GO:0042806
b2804,GO:0062193
b2805,GO:0006004
b2805,GO:0006355
b2805,GO:0043468
b2805,GO:0003677
b2805,GO:0003700
b2805,GO:0098531
b2806,GO:0006364
b2806,GO:0031167
b2806,GO:0032259
b2806,GO:0005737
b2806,GO:0008168
b2806,GO:0008757
b2806,GO:0070677
b2807,GO:0005886
b2808,GO:0006351
b2808,GO:0006355
b2808,GO:0009411
b2808,GO:0005737
b2808,GO:0003677
b2808,GO:0003700
b2808,GO:0043565
b2809,GO:0005886
b2810,GO:0000096
b2810,GO:0006534
b2810,GO:0016226
b2810,GO:0016261
b2810,GO:0019448
b2810,GO:0072348
b2810,GO:1990221
b2810,GO:0003824
b2810,GO:0005515
b2810,GO:0008826
b2810,GO:0009000
b2810,GO:0016740
b2810,GO:0016783
b2810,GO:0016787
b2810,GO:0016829
b2810,GO:0030170
b2810,GO:0031071
b2811,GO:0061504
b2811,GO:0005515
b2811,GO:0097163
b2812,GO:0061504
b2812,GO:0016020
b2812,GO:0005515
b2812,GO:0005524
b2812,GO:0008641
b2812,GO:0016874
b2812,GO:0030955
b2812,GO:0031402
b2812,GO:0042803
b2812,GO:0061503
b2813,GO:0000270
b2813,GO:0009253
b2813,GO:0009254
b2813,GO:0071555
b2813,GO:0009279
b2813,GO:0019867
b2813,GO:0030288
b2813,GO:0004553
b2813,GO:0005515
b2813,GO:0008933
b2813,GO:0016829
b2817,GO:0009253
b2817,GO:0043093
b2817,GO:0051301
b2817,GO:0071555
b2817,GO:0030288
b2817,GO:0042597
b2817,GO:0005515
b2817,GO:0008745
b2817,GO:0016787
b2818,GO:0006526
b2818,GO:0005737
b2818,GO:0004042
b2818,GO:0004358
b2818,GO:0016746
b2819,GO:0000724
b2819,GO:0000725
b2819,GO:0006281
b2819,GO:0006302
b2819,GO:0006310
b2819,GO:0006974
b2819,GO:0032508
b2819,GO:0009338
b2819,GO:0003677
b2819,GO:0004386
b2819,GO:0004527
b2819,GO:0005524
b2819,GO:0008854
b2819,GO:0016853
b2819,GO:0016887
b2819,GO:0017116
b2819,GO:0043139
b2820,GO:0000724
b2820,GO:0000725
b2820,GO:0006281
b2820,GO:0006310
b2820,GO:0009314
b2820,GO:0032508
b2820,GO:0044355
b2820,GO:0005829
b2820,GO:0009338
b2820,GO:0000287
b2820,GO:0003677
b2820,GO:0003678
b2820,GO:0004386
b2820,GO:0004520
b2820,GO:0004527
b2820,GO:0005515
b2820,GO:0005524
b2820,GO:0008094
b2820,GO:0008854
b2820,GO:0015616
b2820,GO:0016853
b2820,GO:0016887
b2820,GO:0043138
b2820,GO:0046872
b2821,GO:0006508
b2821,GO:0005737
b2821,GO:0030288
b2821,GO:0042597
b2821,GO:0004222
b2821,GO:0008237
b2821,GO:0008270
b2821,GO:0046872
b2822,GO:0000724
b2822,GO:0000725
b2822,GO:0006281
b2822,GO:0006310
b2822,GO:0009314
b2822,GO:0032508
b2822,GO:0044355
b2822,GO:0009338
b2822,GO:0003677
b2822,GO:0003678
b2822,GO:0004386
b2822,GO:0004527
b2822,GO:0005515
b2822,GO:0005524
b2822,GO:0008854
b2823,GO:0005886
b2823,GO:0016020
b2825,GO:0015628
b2825,GO:0005886
b2825,GO:0016020
b2826,GO:0005886
b2826,GO:0016020
b2827,GO:0006231
b2827,GO:0006235
b2827,GO:0006417
b2827,GO:0009165
b2827,GO:0009314
b2827,GO:0032259
b2827,GO:0005737
b2827,GO:0005829
b2827,GO:0000287
b2827,GO:0003723
b2827,GO:0004799
b2827,GO:0008168
b2827,GO:0042803
b2828,GO:0042158
b2828,GO:0005886
b2828,GO:0009898
b2828,GO:0008961
b2828,GO:0016740
b2829,GO:0009401
b2829,GO:0016310
b2829,GO:0005737
b2829,GO:0008965
b2829,GO:0016301
b2829,GO:0016772
b2829,GO:0046872
b2830,GO:0006402
b2830,GO:0008033
b2830,GO:0050779
b2830,GO:0110154
b2830,GO:0110155
b2830,GO:0005737
b2830,GO:0000287
b2830,GO:0005515
b2830,GO:0016462
b2830,GO:0016787
b2830,GO:0016818
b2830,GO:0034353
b2830,GO:0110153
b2831,GO:0000018
b2831,GO:0006281
b2831,GO:0006298
b2831,GO:0006304
b2831,GO:0005737
b2831,GO:0032300
b2831,GO:0003677
b2831,GO:0004519
b2831,GO:0005515
b2831,GO:0043765
b2832,GO:0005886
b2832,GO:0016020
b2833,GO:0005886
b2834,GO:0034198
b2834,GO:0005829
b2834,GO:0004033
b2834,GO:0016491
b2835,GO:0006650
b2835,GO:0006869
b2835,GO:0045332
b2835,GO:0051977
b2835,GO:0055085
b2835,GO:0005886
b2835,GO:0005319
b2835,GO:0051978
b2836,GO:0001676
b2836,GO:0006631
b2836,GO:0008654
b2836,GO:0005886
b2836,GO:0016020
b2836,GO:0004467
b2836,GO:0005524
b2836,GO:0008779
b2836,GO:0008922
b2836,GO:0016746
b2836,GO:0016874
b2836,GO:0016877
b2837,GO:0006012
b2837,GO:0006351
b2837,GO:0006355
b2837,GO:0000976
b2837,GO:0003677
b2837,GO:0003700
b2837,GO:0005515
b2837,GO:0042802
b2838,GO:0009085
b2838,GO:0009089
b2838,GO:0005515
b2838,GO:0008836
b2838,GO:0016830
b2838,GO:0016831
b2838,GO:0030170
b2838,GO:0042803
b2839,GO:0006355
b2839,GO:0009089
b2839,GO:0010628
b2839,GO:0005737
b2839,GO:0003677
b2839,GO:0003700
b2839,GO:0043565
b2840,GO:0005515
b2840,GO:0016853
b2840,GO:0047661
b2841,GO:0015756
b2841,GO:0042882
b2841,GO:0055085
b2841,GO:0005886
b2841,GO:0016020
b2841,GO:0015147
b2841,GO:0015150
b2841,GO:0015293
b2841,GO:0022857
b2842,GO:0019698
b2842,GO:0042840
b2842,GO:0008678
b2842,GO:0016491
b2842,GO:0016616
b2842,GO:0033764
b2842,GO:0047001
b2842,GO:0051287
b2842,GO:0102635
b2843,GO:0019698
b2843,GO:0042840
b2843,GO:0045490
b2843,GO:0005829
b2843,GO:0004347
b2843,GO:0005515
b2843,GO:0008270
b2843,GO:0008697
b2843,GO:0016853
b2843,GO:0042802
b2843,GO:0042803
b2843,GO:0046872
b2844,GO:0044281
b2844,GO:0071271
b2844,GO:0005737
b2844,GO:0003985
b2844,GO:0003988
b2844,GO:0016746
b2844,GO:0016747
b2845,GO:0003333
b2845,GO:0005886
b2846,GO:0006355
b2846,GO:0003677
b2847,GO:0000160
b2847,GO:0006355
b2847,GO:0005886
b2847,GO:0003677
b2848,GO:0005886
b2848,GO:0016020
b2852,GO:0000160
b2852,GO:0006355
b2852,GO:0005829
b2852,GO:0003677
b2866,GO:0006144
b2866,GO:0006166
b2866,GO:0009114
b2866,GO:0002197
b2866,GO:0005737
b2866,GO:0004854
b2866,GO:0005506
b2866,GO:0016491
b2866,GO:0046872
b2867,GO:0006144
b2867,GO:0006166
b2867,GO:0009114
b2867,GO:0002197
b2867,GO:0005737
b2867,GO:0004854
b2867,GO:0016491
b2867,GO:0071949
b2868,GO:0006144
b2868,GO:0006166
b2868,GO:0009114
b2868,GO:0002197
b2868,GO:0005737
b2868,GO:0016491
b2868,GO:0046872
b2868,GO:0051536
b2868,GO:0051537
b2870,GO:0006520
b2870,GO:0019240
b2870,GO:0042450
b2870,GO:0004585
b2870,GO:0016597
b2870,GO:0016740
b2870,GO:0016743
b2871,GO:0008838
b2871,GO:0016829
b2871,GO:0030170
b2871,GO:0042803
b2872,GO:0006508
b2872,GO:0006526
b2872,GO:0005886
b2872,GO:0008237
b2872,GO:0008777
b2872,GO:0016787
b2872,GO:0046872
b2873,GO:0006208
b2873,GO:0005737
b2873,GO:0005829
b2873,GO:0016787
b2873,GO:0016812
b2873,GO:0042802
b2873,GO:0046872
b2874,GO:0006525
b2874,GO:0016310
b2874,GO:0019546
b2874,GO:0005829
b2874,GO:0008804
b2874,GO:0016301
b2876,GO:0009058
b2876,GO:0005524
b2877,GO:0006777
b2877,GO:1902760
b2877,GO:0000166
b2877,GO:0000287
b2877,GO:0005515
b2877,GO:0016740
b2877,GO:0016779
b2877,GO:0046872
b2877,GO:0061602
b2878,GO:0005506
b2878,GO:0016491
b2878,GO:0046872
b2878,GO:0051536
b2878,GO:0051539
b2879,GO:0030308
b2879,GO:0016787
b2879,GO:0016810
b2879,GO:0046872
b2880,GO:0003674
b2880,GO:0016491
b2880,GO:0071949
b2881,GO:0006144
b2881,GO:0006166
b2881,GO:0005506
b2881,GO:0016491
b2881,GO:0046872
b2881,GO:0051537
b2882,GO:0042906
b2882,GO:0055085
b2882,GO:0005886
b2882,GO:0016020
b2882,GO:0015205
b2882,GO:0022857
b2882,GO:0042907
b2883,GO:0006147
b2883,GO:0046098
b2883,GO:0005829
b2883,GO:0008270
b2883,GO:0008892
b2883,GO:0016787
b2883,GO:0018756
b2883,GO:0046872
b2886,GO:0046872
b2886,GO:0051539
b2888,GO:0015747
b2888,GO:0015851
b2888,GO:0042906
b2888,GO:0055085
b2888,GO:1902600
b2888,GO:0005886
b2888,GO:0016020
b2888,GO:0015143
b2888,GO:0015205
b2888,GO:0015293
b2888,GO:0022857
b2888,GO:0042907
b2889,GO:0006974
b2889,GO:0008299
b2889,GO:0050992
b2889,GO:0005737
b2889,GO:0000287
b2889,GO:0003824
b2889,GO:0004452
b2889,GO:0008270
b2889,GO:0016853
b2889,GO:0046872
b2890,GO:0006412
b2890,GO:0006418
b2890,GO:0006430
b2890,GO:0005737
b2890,GO:0005829
b2890,GO:0016020
b2890,GO:0000049
b2890,GO:0000287
b2890,GO:0003676
b2890,GO:0004812
b2890,GO:0004824
b2890,GO:0005515
b2890,GO:0005524
b2890,GO:0016874
b2890,GO:0042803
b2890,GO:0046872
b2891,GO:0006412
b2891,GO:0006415
b2891,GO:0075523
b2891,GO:0005737
b2891,GO:0005829
b2891,GO:0016149
b2892,GO:0006281
b2892,GO:0006310
b2892,GO:0010165
b2892,GO:0003676
b2892,GO:0004527
b2892,GO:0005515
b2892,GO:0008409
b2892,GO:0045145
b2893,GO:0046688
b2893,GO:0061077
b2893,GO:0030288
b2893,GO:0042597
b2893,GO:0003756
b2893,GO:0015035
b2893,GO:0015036
b2893,GO:0042803
b2894,GO:0006276
b2894,GO:0006310
b2894,GO:0006313
b2894,GO:0007059
b2894,GO:0009314
b2894,GO:0015074
b2894,GO:0051301
b2894,GO:0071139
b2894,GO:0005737
b2894,GO:0048476
b2894,GO:0003677
b2894,GO:0009009
b2894,GO:0009037
b2895,GO:0009055
b2895,GO:0010181
b2896,GO:0008360
b2896,GO:0005886
b2896,GO:0005515
b2897,GO:0006105
b2897,GO:0034552
b2897,GO:0005737
b2897,GO:0005515
b2898,GO:0008033
b2898,GO:0009451
b2898,GO:0016226
b2898,GO:0005737
b2898,GO:0005829
b2898,GO:0005542
b2899,GO:0042391
b2899,GO:0005886
b2899,GO:0016020
b2899,GO:0140911
b2900,GO:0046135
b2900,GO:0005829
b2900,GO:0016787
b2900,GO:0016813
b2900,GO:0106251
b2901,GO:0005975
b2901,GO:0016052
b2901,GO:0005829
b2901,GO:0004553
b2901,GO:0008422
b2901,GO:0008706
b2901,GO:0015926
b2901,GO:0016798
b2902,GO:0005515
b2902,GO:0016491
b2902,GO:0016614
b2903,GO:0006546
b2903,GO:0006730
b2903,GO:0019464
b2903,GO:0005829
b2903,GO:0005960
b2903,GO:0003824
b2903,GO:0004375
b2903,GO:0016491
b2903,GO:0016594
b2903,GO:0030170
b2903,GO:0042802
b2904,GO:0006730
b2904,GO:0019464
b2904,GO:0005737
b2904,GO:0005829
b2904,GO:0005960
b2905,GO:0006546
b2905,GO:0006730
b2905,GO:0019464
b2905,GO:0005737
b2905,GO:0005829
b2905,GO:0005960
b2905,GO:0004047
b2905,GO:0008483
b2906,GO:0006744
b2906,GO:0005737
b2906,GO:0110142
b2906,GO:0004497
b2906,GO:0005515
b2906,GO:0016705
b2906,GO:0019168
b2906,GO:0071949
b2907,GO:0006744
b2907,GO:0006979
b2907,GO:0009416
b2907,GO:0005737
b2907,GO:0110142
b2907,GO:0004497
b2907,GO:0005515
b2907,GO:0008681
b2907,GO:0071949
b2908,GO:0006508
b2908,GO:0051289
b2908,GO:0005737
b2908,GO:0005829
b2908,GO:0032991
b2908,GO:0004177
b2908,GO:0005515
b2908,GO:0008235
b2908,GO:0008237
b2908,GO:0030145
b2908,GO:0042802
b2908,GO:0046872
b2908,GO:0046914
b2908,GO:0070006
b2909,GO:0005829
b2910,GO:0000917
b2910,GO:0000921
b2910,GO:0043093
b2910,GO:0051301
b2910,GO:0090529
b2910,GO:0005737
b2910,GO:0005829
b2910,GO:0005886
b2910,GO:0030428
b2910,GO:0032153
b2910,GO:0005515
b2910,GO:0042802
b2913,GO:0006564
b2913,GO:0005829
b2913,GO:0004617
b2913,GO:0016491
b2913,GO:0016616
b2913,GO:0042802
b2913,GO:0047545
b2913,GO:0051287
b2913,GO:0070403
b2913,GO:0070404
b2913,GO:0070905
b2914,GO:0006014
b2914,GO:0006098
b2914,GO:0009052
b2914,GO:0044281
b2914,GO:0005829
b2914,GO:0004751
b2914,GO:0016853
b2914,GO:0042802
b2914,GO:0042803
b2916,GO:0006355
b2916,GO:0032297
b2916,GO:0045892
b2916,GO:0045893
b2916,GO:0003677
b2916,GO:0003681
b2916,GO:0003700
b2916,GO:0043565
b2917,GO:0019678
b2917,GO:0005737
b2917,GO:0004494
b2917,GO:0005515
b2917,GO:0016853
b2917,GO:0031419
b2917,GO:0046872
b2918,GO:0005737
b2918,GO:0003924
b2918,GO:0005515
b2918,GO:0005524
b2918,GO:0005525
b2918,GO:0016787
b2919,GO:0006635
b2919,GO:0005829
b2919,GO:0003824
b2919,GO:0004492
b2919,GO:0016829
b2919,GO:0016831
b2920,GO:0006083
b2920,GO:0006084
b2920,GO:0003986
b2920,GO:0008775
b2920,GO:0016740
b2920,GO:0043821
b2921,GO:0006355
b2921,GO:0006974
b2921,GO:0003677
b2921,GO:0003700
b2922,GO:0006974
b2922,GO:0034605
b2922,GO:0034614
b2923,GO:0006865
b2923,GO:1903826
b2923,GO:0005886
b2923,GO:0016020
b2923,GO:0015171
b2923,GO:0061459
b2924,GO:0009992
b2924,GO:0034220
b2924,GO:0051260
b2924,GO:0055085
b2924,GO:0005886
b2924,GO:0016020
b2924,GO:0008381
b2924,GO:0042802
b2925,GO:0006094
b2925,GO:0006096
b2925,GO:0005829
b2925,GO:0004332
b2925,GO:0005515
b2925,GO:0008270
b2925,GO:0016829
b2925,GO:0042802
b2925,GO:0042803
b2925,GO:0046872
b2926,GO:0006094
b2926,GO:0006096
b2926,GO:0016310
b2926,GO:0005737
b2926,GO:0005829
b2926,GO:0004618
b2926,GO:0005524
b2926,GO:0016301
b2926,GO:0043531
b2926,GO:0097216
b2927,GO:0006006
b2927,GO:0008615
b2927,GO:0042823
b2927,GO:0005737
b2927,GO:0005829
b2927,GO:0004365
b2927,GO:0016491
b2927,GO:0048001
b2927,GO:0051287
b2928,GO:0016310
b2928,GO:0005524
b2928,GO:0016301
b2929,GO:0004333
b2929,GO:0016829
b2930,GO:0006071
b2930,GO:0006094
b2930,GO:0030388
b2930,GO:0016787
b2930,GO:0030145
b2930,GO:0042132
b2930,GO:0046872
b2933,GO:0009401
b2933,GO:0015797
b2933,GO:0016310
b2933,GO:0005886
b2933,GO:0016020
b2933,GO:0016301
b2933,GO:0022872
b2934,GO:0009401
b2934,GO:0016310
b2934,GO:0005737
b2934,GO:0016301
b2935,GO:0006098
b2935,GO:0009052
b2935,GO:0005829
b2935,GO:0000287
b2935,GO:0004802
b2935,GO:0016740
b2935,GO:0030145
b2935,GO:0030976
b2935,GO:0042803
b2935,GO:0046872
b2936,GO:0006508
b2936,GO:0034605
b2936,GO:0034644
b2936,GO:0051603
b2936,GO:0071476
b2936,GO:0009279
b2936,GO:0016020
b2936,GO:0004222
b2936,GO:0005515
b2936,GO:0008237
b2936,GO:0046872
b2937,GO:0008295
b2937,GO:0009446
b2937,GO:0033388
b2937,GO:0033389
b2937,GO:0005829
b2937,GO:0008783
b2937,GO:0016787
b2937,GO:0016813
b2937,GO:0030145
b2937,GO:0042802
b2937,GO:0046872
b2938,GO:0006527
b2938,GO:0008295
b2938,GO:0009446
b2938,GO:0033388
b2938,GO:0051289
b2938,GO:0042597
b2938,GO:0000287
b2938,GO:0005515
b2938,GO:0008792
b2938,GO:0016831
b2938,GO:0030170
b2938,GO:0042802
b2938,GO:0046872
b2939,GO:0010447
b2939,GO:0005737
b2942,GO:0006556
b2942,GO:0006730
b2942,GO:0033353
b2942,GO:0005737
b2942,GO:0005829
b2942,GO:0000287
b2942,GO:0004478
b2942,GO:0005515
b2942,GO:0005524
b2942,GO:0016740
b2942,GO:0030955
b2942,GO:0042802
b2942,GO:0046872
b2943,GO:0015757
b2943,GO:0055085
b2943,GO:0005886
b2943,GO:0016020
b2943,GO:0015293
b2943,GO:0015517
b2943,GO:0022857
b2945,GO:0006308
b2945,GO:0042597
b2945,GO:0004518
b2945,GO:0004519
b2945,GO:0004530
b2945,GO:0016888
b2946,GO:0006364
b2946,GO:0032259
b2946,GO:0070475
b2946,GO:0005737
b2946,GO:0008168
b2946,GO:0042803
b2946,GO:0070042
b2947,GO:0006750
b2947,GO:0051289
b2947,GO:0005737
b2947,GO:0005829
b2947,GO:0000287
b2947,GO:0003824
b2947,GO:0004363
b2947,GO:0005524
b2947,GO:0016874
b2947,GO:0042802
b2947,GO:0046872
b2948,GO:0005829
b2949,GO:0000967
b2949,GO:0006259
b2949,GO:0006364
b2949,GO:0006974
b2949,GO:0031564
b2949,GO:0042254
b2949,GO:0005737
b2949,GO:0004518
b2949,GO:0008296
b2949,GO:0016788
b2950,GO:0005829
b2950,GO:0005515
b2950,GO:0005524
b2950,GO:0016887
b2951,GO:0005622
b2951,GO:0005829
b2951,GO:0030170
b2952,GO:0071474
b2952,GO:0005886
b2952,GO:0016020
b2953,GO:0005737
b2954,GO:0009117
b2954,GO:0009143
b2954,GO:0009146
b2954,GO:0005737
b2954,GO:0005829
b2954,GO:0000166
b2954,GO:0000287
b2954,GO:0016787
b2954,GO:0017111
b2954,GO:0035870
b2954,GO:0036220
b2954,GO:0036222
b2954,GO:0042803
b2954,GO:0046872
b2954,GO:0047429
b2955,GO:0006779
b2955,GO:0005737
b2955,GO:0004109
b2955,GO:0020037
b2955,GO:0042803
b2955,GO:0046872
b2955,GO:0051539
b2957,GO:0006528
b2957,GO:0006530
b2957,GO:0051289
b2957,GO:0030288
b2957,GO:0032991
b2957,GO:0042597
b2957,GO:0004067
b2957,GO:0016787
b2957,GO:0042802
b2958,GO:0044010
b2959,GO:0042255
b2959,GO:0005829
b2960,GO:0006400
b2960,GO:0008033
b2960,GO:0030488
b2960,GO:0032259
b2960,GO:0036265
b2960,GO:0106004
b2960,GO:0043527
b2960,GO:0008168
b2960,GO:0008176
b2961,GO:0006281
b2961,GO:0006284
b2961,GO:0006298
b2961,GO:0006950
b2961,GO:0000701
b2961,GO:0003677
b2961,GO:0016798
b2961,GO:0019104
b2961,GO:0032357
b2961,GO:0034039
b2961,GO:0035485
b2961,GO:0046872
b2961,GO:0051539
b2962,GO:0034599
b2962,GO:0005829
b2962,GO:0005506
b2963,GO:0000270
b2963,GO:0009253
b2963,GO:0016998
b2963,GO:0034599
b2963,GO:0051301
b2963,GO:0071236
b2963,GO:0071555
b2963,GO:0009279
b2963,GO:0030288
b2963,GO:0008932
b2963,GO:0008933
b2963,GO:0016798
b2963,GO:0016829
b2964,GO:0015860
b2964,GO:0015861
b2964,GO:0015862
b2964,GO:0015864
b2964,GO:0032238
b2964,GO:1901642
b2964,GO:0005886
b2964,GO:0005337
b2964,GO:0015212
b2964,GO:0015213
b2964,GO:0015214
b2964,GO:0015293
b2964,GO:0015506
b2965,GO:0006520
b2965,GO:0008295
b2965,GO:0033387
b2965,GO:0005737
b2965,GO:0005829
b2965,GO:0004586
b2965,GO:0016831
b2965,GO:0030170
b2965,GO:0097216
b2966,GO:0005886
b2968,GO:0015031
b2968,GO:0015628
b2968,GO:0005886
b2968,GO:0015627
b2971,GO:0006974
b2971,GO:0009279
b2972,GO:0006465
b2972,GO:0005886
b2972,GO:0016020
b2972,GO:0004175
b2972,GO:0004190
b2975,GO:0015727
b2975,GO:0035873
b2975,GO:0097339
b2975,GO:1902600
b2975,GO:0005886
b2975,GO:0015129
b2975,GO:0015293
b2975,GO:0015295
b2975,GO:0043879
b2976,GO:0006097
b2976,GO:0006099
b2976,GO:0009436
b2976,GO:0005737
b2976,GO:0005829
b2976,GO:0000287
b2976,GO:0004474
b2976,GO:0016740
b2976,GO:0046872
b2979,GO:0006974
b2979,GO:0046296
b2979,GO:0005886
b2979,GO:0009339
b2979,GO:0003973
b2979,GO:0016491
b2979,GO:0019154
b2979,GO:0047809
b2979,GO:0071949
b2980,GO:0006355
b2980,GO:0003677
b2980,GO:0003700
b2980,GO:0005515
b2983,GO:0005886
b2983,GO:0016020
b2984,GO:0006227
b2984,GO:0006233
b2984,GO:0006235
b2984,GO:0046940
b2984,GO:0005737
b2984,GO:0005829
b2984,GO:0004798
b2984,GO:0005524
b2985,GO:0005524
b2986,GO:0006227
b2986,GO:0006233
b2986,GO:0006235
b2986,GO:0046940
b2986,GO:0005737
b2986,GO:0005829
b2986,GO:0004798
b2986,GO:0005524
b2987,GO:0006817
b2987,GO:0035435
b2987,GO:0005886
b2987,GO:0016020
b2987,GO:0005315
b2987,GO:0015293
b2988,GO:0006749
b2988,GO:0008216
b2988,GO:0005829
b2988,GO:0005515
b2988,GO:0005524
b2988,GO:0008884
b2988,GO:0008885
b2988,GO:0016787
b2988,GO:0016874
b2988,GO:0046872
b2989,GO:0098869
b2989,GO:0005737
b2989,GO:0004364
b2989,GO:0004601
b2989,GO:0015036
b2989,GO:0042803
b2990,GO:0051604
b2990,GO:0065003
b2990,GO:0005506
b2990,GO:0005515
b2990,GO:0042802
b2990,GO:1902670
b2991,GO:0036211
b2991,GO:0051604
b2991,GO:0008270
b2991,GO:0016151
b2991,GO:0016530
b2991,GO:0046872
b2992,GO:0051604
b2992,GO:0005515
b2992,GO:0070678
b2993,GO:0006508
b2993,GO:0016485
b2993,GO:0004175
b2993,GO:0004190
b2993,GO:0005515
b2993,GO:0008047
b2993,GO:0008233
b2993,GO:0046872
b2994,GO:0005886
b2994,GO:0005515
b2994,GO:0008901
b2994,GO:0016151
b2994,GO:0016491
b2994,GO:0033748
b2994,GO:0046872
b2995,GO:0009061
b2995,GO:0019645
b2995,GO:0005886
b2995,GO:0044569
b2995,GO:0046872
b2996,GO:0009061
b2996,GO:0019588
b2996,GO:0005886
b2996,GO:0042597
b2996,GO:0016491
b2996,GO:0046872
b2996,GO:0047067
b2996,GO:0051536
b2996,GO:0051539
b2997,GO:0009061
b2997,GO:0005886
b2997,GO:0009375
b2997,GO:0016020
b2997,GO:0042597
b2997,GO:0044569
b2997,GO:0005515
b2997,GO:0008901
b2997,GO:0009055
b2997,GO:0016491
b2997,GO:0033748
b2997,GO:0046872
b2997,GO:0051536
b2997,GO:0051538
b2997,GO:0051539
b2998,GO:1901422
b3001,GO:0006974
b3001,GO:0051596
b3001,GO:0016491
b3001,GO:0016616
b3002,GO:0042542
b3002,GO:0005886
b3003,GO:0008106
b3003,GO:0016491
b3003,GO:0016614
b3003,GO:0016616
b3005,GO:0006879
b3005,GO:0015031
b3005,GO:0015889
b3005,GO:0030003
b3005,GO:0043213
b3005,GO:0050821
b3005,GO:0055085
b3005,GO:0005886
b3005,GO:0009279
b3005,GO:0016020
b3005,GO:0098797
b3005,GO:1902495
b3005,GO:0005515
b3005,GO:0022857
b3005,GO:0031992
b3005,GO:0042802
b3005,GO:0042803
b3006,GO:0006879
b3006,GO:0015031
b3006,GO:0015889
b3006,GO:0017038
b3006,GO:0030003
b3006,GO:0042928
b3006,GO:0043213
b3006,GO:0050821
b3006,GO:0055085
b3006,GO:0005886
b3006,GO:0009279
b3006,GO:0016020
b3006,GO:0098797
b3006,GO:1902495
b3006,GO:0005515
b3006,GO:0022857
b3006,GO:0031992
b3006,GO:0042802
b3008,GO:0009086
b3008,GO:0019346
b3008,GO:0019450
b3008,GO:0051289
b3008,GO:0005737
b3008,GO:0032991
b3008,GO:0003824
b3008,GO:0008784
b3008,GO:0016829
b3008,GO:0030170
b3008,GO:0042802
b3008,GO:0047804
b3008,GO:0080146
b3009,GO:0009410
b3009,GO:0043093
b3009,GO:0055085
b3009,GO:0005886
b3009,GO:0022857
b3010,GO:0006355
b3010,GO:0045893
b3010,GO:0000987
b3010,GO:0001216
b3010,GO:0003677
b3010,GO:0003700
b3010,GO:0043565
b3011,GO:0000302
b3011,GO:0005829
b3011,GO:0008106
b3011,GO:0008270
b3011,GO:0016491
b3011,GO:0016616
b3011,GO:0018455
b3011,GO:0042802
b3011,GO:0046872
b3011,GO:1990002
b3011,GO:1990362
b3012,GO:0019853
b3012,GO:0051596
b3012,GO:0005737
b3012,GO:0005829
b3012,GO:0004032
b3012,GO:0008106
b3012,GO:0016491
b3012,GO:0016616
b3012,GO:0050580
b3014,GO:0009279
b3014,GO:0019867
b3017,GO:0006950
b3017,GO:0006979
b3017,GO:0010212
b3017,GO:0043093
b3017,GO:0051301
b3017,GO:0030288
b3017,GO:0032153
b3017,GO:0042597
b3017,GO:0005507
b3017,GO:0016491
b3018,GO:0006654
b3018,GO:0008654
b3018,GO:0016024
b3018,GO:0005886
b3018,GO:0016020
b3018,GO:0003841
b3018,GO:0016746
b3019,GO:0006265
b3019,GO:0007059
b3019,GO:0007062
b3019,GO:0030541
b3019,GO:0051276
b3019,GO:0005694
b3019,GO:0005737
b3019,GO:0005829
b3019,GO:0005886
b3019,GO:0009330
b3019,GO:0019897
b3019,GO:0003677
b3019,GO:0003916
b3019,GO:0003918
b3019,GO:0005515
b3019,GO:0005524
b3020,GO:0015721
b3020,GO:0015833
b3020,GO:0055085
b3020,GO:0030288
b3020,GO:0042597
b3020,GO:0043190
b3020,GO:1904680
b3021,GO:0006355
b3021,GO:0044010
b3021,GO:0110001
b3021,GO:0003677
b3021,GO:0005515
b3021,GO:0042803
b3021,GO:0043565
b3021,GO:0046872
b3022,GO:0006355
b3022,GO:0009372
b3022,GO:0017148
b3022,GO:0043488
b3022,GO:0044010
b3022,GO:0045892
b3022,GO:0061157
b3022,GO:2000145
b3022,GO:0110001
b3022,GO:0004519
b3022,GO:0004521
b3022,GO:0005515
b3022,GO:0016892
b3023,GO:0045892
b3024,GO:0044011
b3024,GO:0070301
b3024,GO:0071276
b3024,GO:0030288
b3024,GO:0042597
b3025,GO:0000160
b3025,GO:0006351
b3025,GO:0006355
b3025,GO:0010038
b3025,GO:0005737
b3025,GO:0005829
b3025,GO:0032993
b3025,GO:0000156
b3025,GO:0000976
b3025,GO:0003677
b3026,GO:0000160
b3026,GO:0007165
b3026,GO:0016310
b3026,GO:0018106
b3026,GO:2000145
b3026,GO:0005886
b3026,GO:0000155
b3026,GO:0004673
b3026,GO:0005524
b3026,GO:0016301
b3026,GO:0036094
b3027,GO:0005886
b3028,GO:0005737
b3028,GO:0005829
b3028,GO:0008753
b3028,GO:0016491
b3028,GO:0050660
b3029,GO:0010447
b3029,GO:0005829
b3029,GO:0016491
b3029,GO:0042803
b3030,GO:0006265
b3030,GO:0007059
b3030,GO:0007062
b3030,GO:0030541
b3030,GO:0046677
b3030,GO:0051276
b3030,GO:0005694
b3030,GO:0005829
b3030,GO:0009330
b3030,GO:0003677
b3030,GO:0003916
b3030,GO:0003918
b3030,GO:0005515
b3030,GO:0005524
b3030,GO:0046872
b3031,GO:0016788
b3031,GO:0052689
b3032,GO:0000166
b3032,GO:0004115
b3032,GO:0008198
b3032,GO:0016787
b3032,GO:0046872
b3034,GO:0006753
b3034,GO:0009408
b3034,GO:0019693
b3034,GO:0005829
b3034,GO:0000287
b3034,GO:0005515
b3034,GO:0016462
b3034,GO:0016787
b3034,GO:0016818
b3034,GO:0019144
b3034,GO:0042803
b3034,GO:0046872
b3034,GO:0047631
b3035,GO:0009410
b3035,GO:0009636
b3035,GO:0014070
b3035,GO:0015721
b3035,GO:0034220
b3035,GO:0042930
b3035,GO:0046677
b3035,GO:0055085
b3035,GO:0140330
b3035,GO:1990961
b3035,GO:0009279
b3035,GO:0016020
b3035,GO:0019867
b3035,GO:0030288
b3035,GO:0098567
b3035,GO:1990196
b3035,GO:1990281
b3035,GO:0005216
b3035,GO:0005515
b3035,GO:0015125
b3035,GO:0015288
b3035,GO:0015562
b3035,GO:0042802
b3035,GO:0042931
b3037,GO:0044010
b3037,GO:0009279
b3038,GO:0005524
b3038,GO:0016874
b3038,GO:0046872
b3039,GO:0005737
b3039,GO:0008198
b3039,GO:0008270
b3039,GO:0016701
b3039,GO:0046872
b3039,GO:0050297
b3039,GO:0051213
b3040,GO:0006824
b3040,GO:0006826
b3040,GO:0006829
b3040,GO:0030001
b3040,GO:0055085
b3040,GO:0071577
b3040,GO:0071578
b3040,GO:0098711
b3040,GO:0005886
b3040,GO:0016020
b3040,GO:0005385
b3040,GO:0015093
b3040,GO:0046872
b3040,GO:0046873
b3041,GO:0009231
b3041,GO:0005829
b3041,GO:0005886
b3041,GO:0000287
b3041,GO:0003824
b3041,GO:0008686
b3041,GO:0016829
b3041,GO:0030145
b3041,GO:0042802
b3041,GO:0042803
b3041,GO:0046872
b3042,GO:0006744
b3042,GO:0005737
b3042,GO:0005829
b3042,GO:0016020
b3042,GO:0110142
b3042,GO:0005515
b3042,GO:0042802
b3043,GO:0007155
b3043,GO:0043709
b3043,GO:0009289
b3047,GO:0006974
b3047,GO:0061077
b3047,GO:0071555
b3047,GO:0030288
b3047,GO:0042597
b3048,GO:0007155
b3048,GO:0051595
b3048,GO:0009289
b3049,GO:1900191
b3049,GO:1900232
b3049,GO:1902201
b3050,GO:0006974
b3050,GO:0005886
b3051,GO:0005829
b3051,GO:0005886
b3051,GO:0045121
b3052,GO:0005975
b3052,GO:0009058
b3052,GO:0009103
b3052,GO:0009244
b3052,GO:0016310
b3052,GO:0046835
b3052,GO:0097171
b3052,GO:0005829
b3052,GO:0005524
b3052,GO:0016301
b3052,GO:0016772
b3052,GO:0016773
b3052,GO:0016779
b3052,GO:0033785
b3052,GO:0033786
b3052,GO:0042803
b3053,GO:0000820
b3053,GO:0005829
b3053,GO:0000287
b3053,GO:0005524
b3053,GO:0008882
b3053,GO:0016779
b3053,GO:0047388
b3054,GO:0016787
b3054,GO:0046872
b3054,GO:0050355
b3055,GO:0005829
b3055,GO:0005886
b3055,GO:0016020
b3056,GO:0001680
b3056,GO:0006396
b3056,GO:0008033
b3056,GO:0042245
b3056,GO:0106354
b3056,GO:0000049
b3056,GO:0000287
b3056,GO:0003723
b3056,GO:0004112
b3056,GO:0004810
b3056,GO:0005515
b3056,GO:0005524
b3056,GO:0016779
b3056,GO:0016787
b3056,GO:0016791
b3056,GO:0046872
b3056,GO:0160016
b3058,GO:0006760
b3058,GO:0046654
b3058,GO:0046656
b3058,GO:0005737
b3058,GO:0004150
b3058,GO:0016829
b3058,GO:0016853
b3058,GO:0042802
b3059,GO:0006644
b3059,GO:0008654
b3059,GO:0005886
b3059,GO:0004366
b3059,GO:0016740
b3059,GO:0043772
b3060,GO:0006351
b3060,GO:0006355
b3060,GO:0045893
b3060,GO:0001216
b3060,GO:0003677
b3060,GO:0003700
b3060,GO:0043565
b3061,GO:0044010
b3061,GO:1901275
b3061,GO:1901276
b3061,GO:1902494
b3061,GO:0005515
b3061,GO:0008730
b3061,GO:0016829
b3061,GO:0046872
b3061,GO:0051539
b3062,GO:0009408
b3062,GO:1901276
b3062,GO:1902494
b3062,GO:0008730
b3062,GO:0016829
b3062,GO:0016836
b3063,GO:0015745
b3063,GO:0055085
b3063,GO:0071422
b3063,GO:0005886
b3063,GO:0016020
b3063,GO:0015297
b3063,GO:0015516
b3063,GO:0022857
b3064,GO:0002949
b3064,GO:0006400
b3064,GO:0008033
b3064,GO:0070525
b3064,GO:1990145
b3064,GO:0000408
b3064,GO:0005737
b3064,GO:0005829
b3064,GO:0000287
b3064,GO:0005506
b3064,GO:0005515
b3064,GO:0016746
b3064,GO:0016747
b3064,GO:0042802
b3064,GO:0046872
b3064,GO:0061711
b3064,GO:0140032
b3065,GO:0000028
b3065,GO:0002181
b3065,GO:0006412
b3065,GO:0005737
b3065,GO:0005829
b3065,GO:0005840
b3065,GO:0022627
b3065,GO:1990904
b3065,GO:0003735
b3065,GO:0019843
b3066,GO:0006260
b3066,GO:0006268
b3066,GO:0006269
b3066,GO:0031297
b3066,GO:0000428
b3066,GO:0005737
b3066,GO:0030894
b3066,GO:1990077
b3066,GO:1990156
b3066,GO:0003677
b3066,GO:0003896
b3066,GO:0005515
b3066,GO:0008270
b3066,GO:0016779
b3066,GO:0046872
b3067,GO:0006351
b3067,GO:0006352
b3067,GO:0006355
b3067,GO:0009408
b3067,GO:0010468
b3067,GO:0045892
b3067,GO:2000142
b3067,GO:0000345
b3067,GO:0005737
b3067,GO:0005829
b3067,GO:1903865
b3067,GO:0003677
b3067,GO:0005515
b3067,GO:0016987
b3068,GO:0006281
b3068,GO:0006285
b3068,GO:0005737
b3068,GO:0000700
b3068,GO:0003677
b3068,GO:0004844
b3068,GO:0008263
b3068,GO:0016787
b3068,GO:0043739
b3072,GO:0006935
b3072,GO:0007165
b3072,GO:0052131
b3072,GO:0005886
b3072,GO:0016020
b3072,GO:0004888
b3072,GO:0042802
b3073,GO:0009447
b3073,GO:0019477
b3073,GO:0005829
b3073,GO:0008483
b3073,GO:0019161
b3073,GO:0030170
b3073,GO:0033094
b3073,GO:0042802
b3073,GO:0042803
b3074,GO:0000049
b3074,GO:0042803
b3075,GO:0006355
b3075,GO:0045892
b3075,GO:0000976
b3075,GO:0003677
b3075,GO:0003700
b3076,GO:0005975
b3076,GO:0005990
b3076,GO:0009056
b3076,GO:0009341
b3076,GO:0004565
b3076,GO:0005515
b3076,GO:0016798
b3076,GO:0030246
b3077,GO:0005829
b3078,GO:0055085
b3078,GO:0005886
b3078,GO:0016020
b3078,GO:0022857
b3080,GO:0005991
b3080,GO:0005993
b3080,GO:0006974
b3080,GO:0009313
b3080,GO:1902687
b3080,GO:0004555
b3080,GO:0015926
b3080,GO:0016798
b3080,GO:0046872
b3081,GO:0006635
b3081,GO:0009056
b3081,GO:0033543
b3081,GO:0005515
b3081,GO:0008670
b3081,GO:0010181
b3081,GO:0016491
b3081,GO:0046872
b3081,GO:0051539
b3081,GO:0071949
b3082,GO:0006355
b3082,GO:0040008
b3082,GO:0110001
b3082,GO:0001046
b3082,GO:0003677
b3082,GO:0005515
b3082,GO:0042803
b3083,GO:0006355
b3083,GO:0017148
b3083,GO:0040008
b3083,GO:0043488
b3083,GO:0110001
b3083,GO:0003723
b3083,GO:0004519
b3083,GO:0004521
b3083,GO:0005515
b3084,GO:0006364
b3084,GO:0031167
b3084,GO:0032259
b3084,GO:0043414
b3084,GO:0070475
b3084,GO:0005737
b3084,GO:0003676
b3084,GO:0008168
b3084,GO:0008170
b3084,GO:0008757
b3084,GO:0008990
b3084,GO:0052916
b3085,GO:0009117
b3085,GO:0000166
b3085,GO:0016787
b3085,GO:0036221
b3086,GO:0005886
b3086,GO:0016020
b3087,GO:0000166
b3087,GO:0016491
b3088,GO:0071467
b3088,GO:0005886
b3088,GO:0016020
b3089,GO:0003333
b3089,GO:0006865
b3089,GO:0015825
b3089,GO:0015826
b3089,GO:0032329
b3089,GO:0055085
b3089,GO:0005886
b3089,GO:0016020
b3089,GO:0005295
b3089,GO:0015171
b3089,GO:0015175
b3089,GO:0015194
b3089,GO:0015195
b3089,GO:0015293
b3090,GO:0005886
b3091,GO:0019698
b3091,GO:0008198
b3091,GO:0008789
b3091,GO:0016829
b3092,GO:0006064
b3092,GO:0019698
b3092,GO:0042840
b3092,GO:0008880
b3092,GO:0016853
b3093,GO:0015736
b3093,GO:0015778
b3093,GO:0055085
b3093,GO:0005886
b3093,GO:0015134
b3093,GO:0022857
b3094,GO:0006355
b3094,GO:0045892
b3094,GO:0003677
b3094,GO:0003700
b3095,GO:0009410
b3095,GO:0043093
b3095,GO:0055085
b3095,GO:0005886
b3095,GO:0022857
b3096,GO:0045859
b3096,GO:0005886
b3096,GO:0005515
b3096,GO:0019901
b3098,GO:0005886
b3098,GO:0060187
b3098,GO:0005515
b3098,GO:0043022
b3098,GO:0043024
b3099,GO:0005886
b3100,GO:0005829
b3101,GO:0005886
b3102,GO:0005737
b3102,GO:0004364
b3102,GO:0016491
b3102,GO:0016672
b3102,GO:0042803
b3103,GO:0005886
b3103,GO:0016020
b3104,GO:0005886
b3104,GO:0016020
b3105,GO:0006355
b3105,GO:2000144
b3105,GO:0000976
b3105,GO:0001216
b3105,GO:0003677
b3105,GO:0003700
b3106,GO:0005737
b3113,GO:0006566
b3113,GO:0070689
b3113,GO:0005829
b3113,GO:0016787
b3113,GO:0019239
b3113,GO:0042802
b3114,GO:0005975
b3114,GO:0070689
b3114,GO:0005737
b3114,GO:0005829
b3114,GO:0016020
b3114,GO:0005515
b3114,GO:0008861
b3114,GO:0016746
b3114,GO:0043875
b3115,GO:0006082
b3115,GO:0006083
b3115,GO:0006567
b3115,GO:0016310
b3115,GO:0019665
b3115,GO:0070689
b3115,GO:0005829
b3115,GO:0005515
b3115,GO:0005524
b3115,GO:0008776
b3115,GO:0008980
b3115,GO:0016301
b3115,GO:0016774
b3115,GO:0046872
b3116,GO:0003333
b3116,GO:0006865
b3116,GO:0015825
b3116,GO:0015826
b3116,GO:0032329
b3116,GO:1902600
b3116,GO:0005886
b3116,GO:0016020
b3116,GO:0015171
b3116,GO:0015194
b3116,GO:0015195
b3116,GO:0015293
b3116,GO:0015295
b3116,GO:0015565
b3117,GO:0006565
b3117,GO:0006567
b3117,GO:0009097
b3117,GO:0070689
b3117,GO:0005829
b3117,GO:0032991
b3117,GO:0000166
b3117,GO:0003941
b3117,GO:0004793
b3117,GO:0004794
b3117,GO:0016597
b3117,GO:0016829
b3117,GO:0030170
b3118,GO:0006355
b3118,GO:0045893
b3118,GO:0070689
b3118,GO:0005737
b3118,GO:0005829
b3118,GO:0000987
b3118,GO:0003677
b3118,GO:0003700
b3119,GO:0045893
b3119,GO:0003677
b3121,GO:0006974
b3124,GO:0016310
b3124,GO:0031388
b3124,GO:0042838
b3124,GO:0046392
b3124,GO:0005524
b3124,GO:0008887
b3124,GO:0016301
b3124,GO:0043798
b3125,GO:0016054
b3125,GO:0042838
b3125,GO:0046392
b3125,GO:0046487
b3125,GO:0008679
b3125,GO:0016491
b3125,GO:0016616
b3125,GO:0050661
b3125,GO:0051287
b3126,GO:0019394
b3126,GO:0042838
b3126,GO:0046392
b3126,GO:0005737
b3126,GO:0000287
b3126,GO:0008672
b3126,GO:0016829
b3126,GO:0016830
b3126,GO:0016832
b3126,GO:0046872
b3126,GO:0061677
b3127,GO:0019580
b3127,GO:0042836
b3127,GO:0055085
b3127,GO:0098656
b3127,GO:0005886
b3127,GO:0016020
b3127,GO:0015296
b3127,GO:0022857
b3128,GO:0019698
b3128,GO:0046392
b3128,GO:0008198
b3128,GO:0008867
b3128,GO:0016829
b3128,GO:0042803
b3128,GO:0046872
b3129,GO:0001558
b3129,GO:0006355
b3129,GO:0040008
b3129,GO:0044010
b3129,GO:0045892
b3129,GO:0005737
b3129,GO:0110001
b3129,GO:0003677
b3129,GO:0003700
b3129,GO:0019899
b3129,GO:0042802
b3129,GO:0097351
b3130,GO:0006355
b3130,GO:0006402
b3130,GO:0030308
b3130,GO:0040008
b3130,GO:0044010
b3130,GO:0110001
b3130,GO:0004519
b3130,GO:0004521
b3130,GO:0004540
b3130,GO:0005515
b3130,GO:0042803
b3130,GO:0043023
b3131,GO:0006355
b3131,GO:0003677
b3131,GO:0003700
b3132,GO:0005975
b3132,GO:0009401
b3132,GO:2001059
b3132,GO:0005886
b3132,GO:1902494
b3132,GO:0008047
b3133,GO:0009401
b3133,GO:0016310
b3133,GO:0005737
b3133,GO:0008982
b3133,GO:0016301
b3136,GO:0009401
b3136,GO:1901135
b3136,GO:0005886
b3136,GO:0016787
b3136,GO:0016853
b3136,GO:0097367
b3137,GO:0005975
b3137,GO:0051289
b3137,GO:2001059
b3137,GO:0005829
b3137,GO:0032991
b3137,GO:1902494
b3137,GO:0005515
b3137,GO:0008270
b3137,GO:0009025
b3137,GO:0016829
b3137,GO:0042802
b3137,GO:0046872
b3138,GO:0009401
b3138,GO:0016310
b3138,GO:0005737
b3138,GO:0008982
b3138,GO:0016301
b3139,GO:0009401
b3139,GO:0005886
b3139,GO:0016020
b3140,GO:0009401
b3140,GO:0005886
b3140,GO:0016020
b3141,GO:0005975
b3141,GO:0006043
b3141,GO:0006044
b3141,GO:0006046
b3141,GO:0019262
b3141,GO:0005737
b3141,GO:0005829
b3141,GO:0004342
b3141,GO:0016787
b3141,GO:0042802
b3141,GO:0043877
b3142,GO:0007155
b3142,GO:0043709
b3142,GO:0009289
b3143,GO:0061077
b3143,GO:0071555
b3143,GO:0030288
b3143,GO:0042597
b3144,GO:0006974
b3144,GO:0009297
b3144,GO:0055085
b3144,GO:0009279
b3144,GO:0016020
b3144,GO:0015473
b3145,GO:0007155
b3145,GO:0043709
b3145,GO:0009289
b3146,GO:0006364
b3146,GO:0031167
b3146,GO:0032259
b3146,GO:0005737
b3146,GO:0005515
b3146,GO:0008168
b3146,GO:0042803
b3146,GO:0070677
b3147,GO:0008360
b3147,GO:0009252
b3147,GO:0009279
b3147,GO:0031241
b3147,GO:0042597
b3147,GO:0004553
b3147,GO:0005515
b3147,GO:0019899
b3147,GO:0030234
b3148,GO:0003676
b3149,GO:0006260
b3149,GO:0032298
b3149,GO:1901135
b3149,GO:1990102
b3149,GO:0005515
b3149,GO:0042802
b3149,GO:0042803
b3149,GO:0097367
b3150,GO:0009279
b3150,GO:0032153
b3151,GO:0005886
b3152,GO:0016620
b3152,GO:0051287
b3153,GO:0006281
b3153,GO:0006979
b3153,GO:0009268
b3153,GO:0009408
b3153,GO:0009411
b3153,GO:0019249
b3153,GO:0030091
b3153,GO:0061727
b3153,GO:0106044
b3153,GO:0005737
b3153,GO:0005829
b3153,GO:0016787
b3153,GO:0019172
b3153,GO:0036524
b3153,GO:0042802
b3154,GO:0005829
b3155,GO:0006259
b3155,GO:0006974
b3155,GO:0004520
b3155,GO:0005515
b3155,GO:0008296
b3156,GO:0005829
b3156,GO:0005515
b3156,GO:0016746
b3156,GO:0016747
b3157,GO:0006744
b3157,GO:0032150
b3157,GO:0005829
b3158,GO:0006744
b3158,GO:0032150
b3158,GO:0005515
b3158,GO:0046872
b3158,GO:0051539
b3159,GO:0006744
b3159,GO:0032150
b3159,GO:0005515
b3159,GO:0046872
b3159,GO:0051539
b3160,GO:0005829
b3160,GO:0016491
b3160,GO:0016705
b3161,GO:0003333
b3161,GO:0006865
b3161,GO:0015801
b3161,GO:0015827
b3161,GO:0005886
b3161,GO:0015173
b3161,GO:0015196
b3161,GO:0015293
b3162,GO:0000027
b3162,GO:0006401
b3162,GO:0009314
b3162,GO:0009409
b3162,GO:0045727
b3162,GO:0048255
b3162,GO:0070417
b3162,GO:0005737
b3162,GO:0005829
b3162,GO:0005840
b3162,GO:0003723
b3162,GO:0003724
b3162,GO:0004386
b3162,GO:0005515
b3162,GO:0005524
b3162,GO:0016787
b3162,GO:0016817
b3162,GO:0016887
b3162,GO:0033592
b3162,GO:0042803
b3163,GO:0000270
b3163,GO:0051301
b3163,GO:0005886
b3163,GO:0005515
b3163,GO:0030674
b3163,GO:0042803
b3164,GO:0006396
b3164,GO:0006401
b3164,GO:0006402
b3164,GO:0009408
b3164,GO:0005737
b3164,GO:0005829
b3164,GO:0016020
b3164,GO:1990061
b3164,GO:0000175
b3164,GO:0000287
b3164,GO:0003723
b3164,GO:0004654
b3164,GO:0005515
b3164,GO:0016779
b3164,GO:0035438
b3164,GO:0042802
b3164,GO:0046872
b3165,GO:0000028
b3165,GO:0002181
b3165,GO:0006412
b3165,GO:0006417
b3165,GO:0005737
b3165,GO:0005829
b3165,GO:0005840
b3165,GO:0022627
b3165,GO:1990904
b3165,GO:0003735
b3165,GO:0019843
b3165,GO:0070181
b3166,GO:0001522
b3166,GO:0006396
b3166,GO:0006400
b3166,GO:0008033
b3166,GO:0031119
b3166,GO:0061818
b3166,GO:1990481
b3166,GO:0005829
b3166,GO:0000049
b3166,GO:0003723
b3166,GO:0009982
b3166,GO:0016853
b3166,GO:0106029
b3166,GO:0140098
b3166,GO:0160148
b3167,GO:0006364
b3167,GO:0006974
b3167,GO:0009409
b3167,GO:0030490
b3167,GO:0042254
b3167,GO:0042274
b3167,GO:0005737
b3167,GO:0005829
b3167,GO:0043024
b3168,GO:0006412
b3168,GO:0006413
b3168,GO:0009409
b3168,GO:0061077
b3168,GO:0005737
b3168,GO:0005829
b3168,GO:0016020
b3168,GO:0003743
b3168,GO:0003924
b3168,GO:0005515
b3168,GO:0005525
b3168,GO:0043024
b3168,GO:0097216
b3169,GO:0006353
b3169,GO:0031564
b3169,GO:0032784
b3169,GO:0042254
b3169,GO:0051259
b3169,GO:0005737
b3169,GO:0005829
b3169,GO:0000166
b3169,GO:0001000
b3169,GO:0003700
b3169,GO:0003723
b3169,GO:0005515
b3169,GO:0019904
b3170,GO:0000028
b3170,GO:0006412
b3170,GO:0042254
b3170,GO:0042274
b3170,GO:0005737
b3170,GO:0005829
b3170,GO:0005515
b3172,GO:0000050
b3172,GO:0000053
b3172,GO:0006526
b3172,GO:0005737
b3172,GO:0005829
b3172,GO:0004055
b3172,GO:0005515
b3172,GO:0005524
b3172,GO:0016874
b3172,GO:0042802
b3172,GO:0042803
b3173,GO:0009244
b3173,GO:0005886
b3173,GO:0016740
b3173,GO:0016772
b3173,GO:0016776
b3175,GO:0006616
b3175,GO:0006886
b3175,GO:0009306
b3175,GO:0015031
b3175,GO:0032978
b3175,GO:0043952
b3175,GO:0065002
b3175,GO:0005886
b3175,GO:0016020
b3175,GO:0031522
b3175,GO:0005515
b3175,GO:0008320
b3175,GO:0015450
b3176,GO:0005975
b3176,GO:0006048
b3176,GO:0009252
b3176,GO:0005829
b3176,GO:0000287
b3176,GO:0004615
b3176,GO:0008966
b3176,GO:0016853
b3176,GO:0016868
b3176,GO:0042802
b3176,GO:0046872
b3177,GO:0009396
b3177,GO:0009410
b3177,GO:0046654
b3177,GO:0046656
b3177,GO:0005737
b3177,GO:0005829
b3177,GO:0004156
b3177,GO:0016740
b3177,GO:0046872
b3178,GO:0006508
b3178,GO:0030163
b3178,GO:0005886
b3178,GO:0016020
b3178,GO:0098796
b3178,GO:0098797
b3178,GO:0004176
b3178,GO:0004222
b3178,GO:0005515
b3178,GO:0005524
b3178,GO:0008233
b3178,GO:0008237
b3178,GO:0008270
b3178,GO:0016887
b3178,GO:0046872
b3179,GO:0000027
b3179,GO:0001510
b3179,GO:0006364
b3179,GO:0031167
b3179,GO:0032259
b3179,GO:0042254
b3179,GO:0005737
b3179,GO:0005829
b3179,GO:0008168
b3179,GO:0008650
b3179,GO:0016436
b3180,GO:0000027
b3180,GO:0000028
b3180,GO:0000967
b3180,GO:0005737
b3180,GO:0005829
b3180,GO:0003723
b3180,GO:0005515
b3180,GO:1990275
b3181,GO:0006354
b3181,GO:0032784
b3181,GO:0005737
b3181,GO:0005829
b3181,GO:0001108
b3181,GO:0003677
b3181,GO:0070063
b3182,GO:0000270
b3182,GO:0006508
b3182,GO:0008360
b3182,GO:0009252
b3182,GO:0043093
b3182,GO:0046677
b3182,GO:0051301
b3182,GO:0071555
b3182,GO:0005886
b3182,GO:0042597
b3182,GO:0004175
b3182,GO:0004180
b3182,GO:0004185
b3182,GO:0004252
b3182,GO:0005515
b3182,GO:0008658
b3182,GO:0009002
b3182,GO:0016787
b3183,GO:0000027
b3183,GO:0007059
b3183,GO:0022611
b3183,GO:0042254
b3183,GO:0042255
b3183,GO:0090071
b3183,GO:0005737
b3183,GO:0005829
b3183,GO:0000287
b3183,GO:0003677
b3183,GO:0003924
b3183,GO:0005515
b3183,GO:0005525
b3183,GO:0016787
b3183,GO:0017111
b3183,GO:0019003
b3183,GO:0019843
b3183,GO:0032561
b3183,GO:0043023
b3183,GO:0046872
b3183,GO:0097216
b3184,GO:0005886
b3184,GO:0016020
b3185,GO:0000027
b3185,GO:0001558
b3185,GO:0002181
b3185,GO:0006412
b3185,GO:0042256
b3185,GO:0090070
b3185,GO:1902626
b3185,GO:0005737
b3185,GO:0005840
b3185,GO:0022625
b3185,GO:1990904
b3185,GO:0000049
b3185,GO:0003735
b3185,GO:0005515
b3185,GO:0019843
b3185,GO:0043022
b3186,GO:0002181
b3186,GO:0006412
b3186,GO:0005737
b3186,GO:0005829
b3186,GO:0005840
b3186,GO:0022625
b3186,GO:1990904
b3186,GO:0003723
b3186,GO:0003735
b3186,GO:0019843
b3187,GO:0006744
b3187,GO:0008299
b3187,GO:0016094
b3187,GO:0005829
b3187,GO:0004659
b3187,GO:0005515
b3187,GO:0016740
b3187,GO:0042802
b3187,GO:0042803
b3187,GO:0046872
b3187,GO:0106350
b3188,GO:0003677
b3189,GO:0008360
b3189,GO:0009252
b3189,GO:0019277
b3189,GO:0051301
b3189,GO:0071555
b3189,GO:0005737
b3189,GO:0005829
b3189,GO:0008760
b3189,GO:0016740
b3190,GO:0006879
b3190,GO:0016226
b3190,GO:0045454
b3190,GO:0097533
b3190,GO:0005829
b3190,GO:1990229
b3190,GO:0005515
b3190,GO:0051537
b3191,GO:0006974
b3191,GO:0015914
b3191,GO:0046677
b3191,GO:0120010
b3191,GO:0005737
b3191,GO:0005829
b3191,GO:0016020
b3191,GO:1990531
b3191,GO:0005515
b3191,GO:0120014
b3192,GO:0015914
b3192,GO:0120010
b3192,GO:0030288
b3192,GO:0042597
b3192,GO:0005515
b3193,GO:0015914
b3193,GO:0120010
b3193,GO:0005886
b3193,GO:0016020
b3193,GO:1990531
b3193,GO:0005515
b3193,GO:0005543
b3193,GO:0120014
b3194,GO:0015914
b3194,GO:0120010
b3194,GO:0005886
b3194,GO:0016020
b3194,GO:0043190
b3194,GO:1990531
b3194,GO:0005515
b3194,GO:0005548
b3194,GO:0120014
b3195,GO:0015914
b3195,GO:0120010
b3195,GO:0005886
b3195,GO:0016020
b3195,GO:1990531
b3195,GO:0005515
b3195,GO:0005524
b3195,GO:0016887
b3195,GO:0120014
b3196,GO:0006874
b3196,GO:0035725
b3196,GO:0055085
b3196,GO:0070588
b3196,GO:0071805
b3196,GO:0005886
b3196,GO:0016020
b3196,GO:0005262
b3196,GO:0008273
b3196,GO:0022857
b3197,GO:0005975
b3197,GO:0009103
b3197,GO:0019294
b3197,GO:0051289
b3197,GO:1901135
b3197,GO:0016853
b3197,GO:0019146
b3197,GO:0042802
b3197,GO:0046872
b3197,GO:0097367
b3198,GO:0009103
b3198,GO:0005829
b3198,GO:0016787
b3198,GO:0016788
b3198,GO:0019143
b3198,GO:0046872
b3199,GO:0015920
b3199,GO:0043165
b3199,GO:0046836
b3199,GO:0005886
b3199,GO:0016020
b3199,GO:0030288
b3199,GO:1990351
b3199,GO:0005515
b3199,GO:0015221
b3199,GO:0017089
b3199,GO:0042802
b3200,GO:0015920
b3200,GO:0043165
b3200,GO:0046836
b3200,GO:0009279
b3200,GO:0030288
b3200,GO:0042597
b3200,GO:1990351
b3200,GO:0001530
b3200,GO:0005515
b3200,GO:0017089
b3200,GO:0042802
b3201,GO:0015920
b3201,GO:0043165
b3201,GO:0055085
b3201,GO:0005737
b3201,GO:0005886
b3201,GO:0016020
b3201,GO:0043190
b3201,GO:1990351
b3201,GO:0005515
b3201,GO:0005524
b3201,GO:0016887
b3202,GO:0006352
b3202,GO:0006355
b3202,GO:0006525
b3202,GO:0042128
b3202,GO:0045893
b3202,GO:0048870
b3202,GO:0090605
b3202,GO:2000142
b3202,GO:0000345
b3202,GO:0000428
b3202,GO:0032993
b3202,GO:0000976
b3202,GO:0001216
b3202,GO:0003677
b3202,GO:0016779
b3202,GO:0016987
b3203,GO:0006417
b3203,GO:0017148
b3203,GO:0022611
b3203,GO:0045900
b3203,GO:0005829
b3203,GO:0022627
b3203,GO:0005515
b3203,GO:0043022
b3203,GO:0043024
b3204,GO:0009401
b3204,GO:0016310
b3204,GO:0005737
b3204,GO:0005829
b3204,GO:0004857
b3204,GO:0005515
b3204,GO:0008982
b3204,GO:0016301
b3204,GO:0030295
b3205,GO:0050779
b3205,GO:0051289
b3205,GO:0032991
b3205,GO:0003723
b3205,GO:0005515
b3205,GO:0005524
b3205,GO:0005525
b3205,GO:0042802
b3205,GO:0060090
b3205,GO:0097367
b3207,GO:0005886
b3208,GO:0008360
b3208,GO:0009252
b3208,GO:0043164
b3208,GO:0071555
b3208,GO:0005886
b3208,GO:0009274
b3208,GO:0016020
b3208,GO:0005515
b3208,GO:0008955
b3208,GO:0016757
b3208,GO:0016763
b3209,GO:0008299
b3209,GO:0045828
b3209,GO:0005829
b3209,GO:0016829
b3210,GO:0000160
b3210,GO:0006355
b3210,GO:0007165
b3210,GO:0016310
b3210,GO:0018106
b3210,GO:0046777
b3210,GO:0070482
b3210,GO:0005829
b3210,GO:0005886
b3210,GO:0016020
b3210,GO:0000155
b3210,GO:0004673
b3210,GO:0004721
b3210,GO:0005515
b3210,GO:0005524
b3210,GO:0016301
b3211,GO:0003824
b3211,GO:0046872
b3211,GO:0051536
b3211,GO:0051539
b3212,GO:0006537
b3212,GO:0006541
b3212,GO:0019676
b3212,GO:0097054
b3212,GO:0005829
b3212,GO:0009342
b3212,GO:0004355
b3212,GO:0005515
b3212,GO:0015930
b3212,GO:0016491
b3212,GO:0046872
b3212,GO:0051538
b3213,GO:0006537
b3213,GO:0019676
b3213,GO:0097054
b3213,GO:0005829
b3213,GO:0009342
b3213,GO:0004355
b3213,GO:0005515
b3213,GO:0016491
b3213,GO:0046872
b3213,GO:0051539
b3214,GO:0005886
b3214,GO:0030288
b3215,GO:0071555
b3215,GO:0030288
b3215,GO:0042597
b3216,GO:0009297
b3216,GO:0055085
b3216,GO:0009279
b3216,GO:0016020
b3216,GO:0015473
b3219,GO:0006974
b3220,GO:0003676
b3220,GO:0003677
b3220,GO:0004518
b3221,GO:0006974
b3221,GO:0019262
b3221,GO:0005737
b3221,GO:0008270
b3221,GO:0016857
b3222,GO:0005975
b3222,GO:0006974
b3222,GO:0016310
b3222,GO:0019262
b3222,GO:0046835
b3222,GO:0005524
b3222,GO:0008270
b3222,GO:0009384
b3222,GO:0016301
b3222,GO:0046872
b3223,GO:0005975
b3223,GO:0006051
b3223,GO:0006053
b3223,GO:0019262
b3223,GO:0005829
b3223,GO:0005515
b3223,GO:0016853
b3223,GO:0016857
b3223,GO:0047465
b3224,GO:0015739
b3224,GO:0046942
b3224,GO:0055085
b3224,GO:1905039
b3224,GO:0005886
b3224,GO:0016020
b3224,GO:0015136
b3224,GO:0015538
b3224,GO:0046943
b3225,GO:0005975
b3225,GO:0019262
b3225,GO:0044010
b3225,GO:0005737
b3225,GO:0005829
b3225,GO:0008747
b3225,GO:0016829
b3225,GO:0042802
b3226,GO:0006351
b3226,GO:0006355
b3226,GO:0031334
b3226,GO:0045892
b3226,GO:2000143
b3226,GO:0001046
b3226,GO:0001217
b3226,GO:0003677
b3226,GO:0003700
b3226,GO:0042803
b3227,GO:0015740
b3227,GO:0019588
b3227,GO:0005886
b3227,GO:0016020
b3227,GO:0015556
b3228,GO:0032781
b3228,GO:0045732
b3228,GO:1903052
b3228,GO:0005829
b3228,GO:0005840
b3228,GO:0009376
b3228,GO:0003723
b3228,GO:0005515
b3228,GO:0042803
b3228,GO:0051117
b3228,GO:0060090
b3229,GO:0006950
b3229,GO:0042594
b3229,GO:0045893
b3229,GO:0005737
b3229,GO:0005829
b3229,GO:0005515
b3230,GO:0002181
b3230,GO:0006412
b3230,GO:0005737
b3230,GO:0005829
b3230,GO:0005840
b3230,GO:0022627
b3230,GO:1990904
b3230,GO:0000049
b3230,GO:0003723
b3230,GO:0003735
b3231,GO:0002181
b3231,GO:0006412
b3231,GO:0017148
b3231,GO:0005737
b3231,GO:0005829
b3231,GO:0005840
b3231,GO:0022625
b3231,GO:1990904
b3231,GO:0003729
b3231,GO:0003735
b3231,GO:0008270
b3231,GO:0048027
b3231,GO:0070180
b3232,GO:0051301
b3232,GO:0005737
b3232,GO:0032153
b3232,GO:0005515
b3232,GO:0005524
b3232,GO:0005543
b3232,GO:0016787
b3232,GO:0016887
b3233,GO:0008360
b3233,GO:0051301
b3233,GO:0005886
b3233,GO:0005515
b3234,GO:0006508
b3234,GO:0006515
b3234,GO:0051603
b3234,GO:0042597
b3234,GO:0004175
b3234,GO:0004252
b3234,GO:0005515
b3234,GO:0008233
b3234,GO:0008236
b3234,GO:0042802
b3235,GO:0006508
b3235,GO:0071218
b3235,GO:0005886
b3235,GO:0030288
b3235,GO:0004175
b3235,GO:0004252
b3235,GO:0005515
b3235,GO:0008233
b3235,GO:0008236
b3235,GO:0042802
b3236,GO:0006096
b3236,GO:0006099
b3236,GO:0006108
b3236,GO:0006113
b3236,GO:0009061
b3236,GO:0005737
b3236,GO:0005829
b3236,GO:0016020
b3236,GO:0019898
b3236,GO:0016491
b3236,GO:0016615
b3236,GO:0030060
b3236,GO:0042803
b3237,GO:0006310
b3237,GO:0006355
b3237,GO:0006525
b3237,GO:0006526
b3237,GO:0042150
b3237,GO:0051259
b3237,GO:1900079
b3237,GO:1900081
b3237,GO:2000143
b3237,GO:2000144
b3237,GO:0005667
b3237,GO:0005737
b3237,GO:0000987
b3237,GO:0003677
b3237,GO:0003700
b3237,GO:0034618
b3237,GO:0042802
b3238,GO:0044011
b3238,GO:0070301
b3238,GO:0071468
b3238,GO:0042597
b3240,GO:0046942
b3240,GO:0055085
b3240,GO:0005886
b3240,GO:0022857
b3241,GO:0046942
b3241,GO:0055085
b3241,GO:0005886
b3241,GO:0016020
b3241,GO:0022857
b3242,GO:0005886
b3243,GO:0006351
b3243,GO:0006352
b3243,GO:0006355
b3243,GO:0045893
b3243,GO:0000976
b3243,GO:0003677
b3243,GO:0003700
b3244,GO:0006508
b3244,GO:0016485
b3244,GO:0005829
b3244,GO:1905368
b3244,GO:0005506
b3244,GO:0005515
b3244,GO:0008237
b3244,GO:0008270
b3247,GO:0006364
b3247,GO:0006396
b3247,GO:0008033
b3247,GO:0030490
b3247,GO:0051301
b3247,GO:0005737
b3247,GO:0005856
b3247,GO:0005886
b3247,GO:0000049
b3247,GO:0003723
b3247,GO:0004519
b3247,GO:0004540
b3247,GO:0005515
b3247,GO:0008996
b3247,GO:0019843
b3247,GO:0042803
b3247,GO:0046872
b3248,GO:0009117
b3248,GO:0005737
b3248,GO:0016462
b3248,GO:0016787
b3248,GO:0030145
b3248,GO:0036218
b3248,GO:0036221
b3248,GO:0042802
b3248,GO:0042803
b3248,GO:0047429
b3249,GO:0008360
b3249,GO:0009252
b3249,GO:0005886
b3249,GO:0016020
b3249,GO:0005515
b3250,GO:0008360
b3250,GO:0009252
b3250,GO:0071963
b3250,GO:0005829
b3250,GO:0005886
b3250,GO:0030288
b3250,GO:0005515
b3251,GO:0000902
b3251,GO:0008360
b3251,GO:0009252
b3251,GO:0043093
b3251,GO:0051782
b3251,GO:0051983
b3251,GO:0005737
b3251,GO:0005856
b3251,GO:0005886
b3251,GO:0099513
b3251,GO:0005515
b3251,GO:0005524
b3251,GO:0042802
b3252,GO:0006401
b3252,GO:0051252
b3252,GO:0005886
b3252,GO:0032991
b3252,GO:0005515
b3252,GO:0042802
b3255,GO:0006633
b3255,GO:2001295
b3255,GO:0005737
b3255,GO:0005829
b3255,GO:0009317
b3255,GO:0003989
b3255,GO:0005515
b3255,GO:0060090
b3256,GO:0006633
b3256,GO:0045717
b3256,GO:2001295
b3256,GO:0005737
b3256,GO:0005829
b3256,GO:0009317
b3256,GO:0003824
b3256,GO:0003989
b3256,GO:0004075
b3256,GO:0005515
b3256,GO:0005524
b3256,GO:0016874
b3256,GO:0042803
b3256,GO:0046872
b3257,GO:0005886
b3258,GO:0006814
b3258,GO:0015887
b3258,GO:0036376
b3258,GO:0046942
b3258,GO:0005886
b3258,GO:0016020
b3258,GO:0015081
b3258,GO:0015233
b3258,GO:0015293
b3259,GO:0006338
b3259,GO:0006479
b3259,GO:0032259
b3259,GO:0005737
b3259,GO:0005829
b3259,GO:0005515
b3259,GO:0008168
b3259,GO:0008276
b3259,GO:0016279
b3259,GO:0042054
b3259,GO:0071885
b3260,GO:0002943
b3260,GO:0008033
b3260,GO:0009314
b3260,GO:0000049
b3260,GO:0010181
b3260,GO:0016491
b3260,GO:0017150
b3260,GO:0050660
b3261,GO:0006351
b3261,GO:0006355
b3261,GO:0009314
b3261,GO:0032359
b3261,GO:0045892
b3261,GO:0045893
b3261,GO:0045911
b3261,GO:0051276
b3261,GO:0000786
b3261,GO:0005737
b3261,GO:0005829
b3261,GO:0009295
b3261,GO:0031421
b3261,GO:0032993
b3261,GO:0000976
b3261,GO:0001046
b3261,GO:0001216
b3261,GO:0001217
b3261,GO:0003677
b3261,GO:0003700
b3261,GO:0005515
b3261,GO:0042803
b3261,GO:0043565
b3261,GO:0044374
b3262,GO:0032259
b3262,GO:0005737
b3262,GO:0003677
b3262,GO:0008168
b3262,GO:0008170
b3262,GO:0009007
b3263,GO:0005886
b3264,GO:0009410
b3264,GO:0045892
b3264,GO:0003677
b3264,GO:0003700
b3265,GO:0009410
b3265,GO:0009636
b3265,GO:0046677
b3265,GO:0055085
b3265,GO:0140330
b3265,GO:0005886
b3265,GO:0016020
b3265,GO:0098567
b3265,GO:1990281
b3265,GO:0022857
b3266,GO:0042908
b3266,GO:0055085
b3266,GO:0140330
b3266,GO:0005886
b3266,GO:0016020
b3266,GO:0098567
b3266,GO:1990281
b3266,GO:0015562
b3266,GO:0042910
b3267,GO:0005886
b3269,GO:0006865
b3269,GO:0015833
b3269,GO:0055085
b3269,GO:0071705
b3269,GO:0005886
b3269,GO:0016020
b3269,GO:0043190
b3269,GO:0055052
b3269,GO:0022857
b3270,GO:0006865
b3270,GO:0015833
b3270,GO:0055085
b3270,GO:0071705
b3270,GO:0005886
b3270,GO:0016020
b3270,GO:0043190
b3270,GO:0055052
b3270,GO:0022857
b3271,GO:0003333
b3271,GO:0006865
b3271,GO:0015833
b3271,GO:0005886
b3271,GO:0016020
b3271,GO:0043190
b3271,GO:0055052
b3271,GO:0005524
b3271,GO:0015424
b3271,GO:0016887
b3279,GO:0005829
b3279,GO:0032991
b3279,GO:0008270
b3279,GO:0042802
b3281,GO:0008652
b3281,GO:0009073
b3281,GO:0009423
b3281,GO:0019632
b3281,GO:0005829
b3281,GO:0000166
b3281,GO:0004764
b3281,GO:0005515
b3281,GO:0016491
b3281,GO:0050661
b3282,GO:0002949
b3282,GO:0006364
b3282,GO:0006450
b3282,GO:0008033
b3282,GO:0042254
b3282,GO:0005737
b3282,GO:0005829
b3282,GO:0000049
b3282,GO:0003725
b3282,GO:0005524
b3282,GO:0016779
b3282,GO:0061710
b3283,GO:0006265
b3283,GO:0005694
b3283,GO:0003677
b3283,GO:0003697
b3283,GO:0003917
b3283,GO:0005506
b3283,GO:0008270
b3287,GO:0006412
b3287,GO:0018206
b3287,GO:0031365
b3287,GO:0043686
b3287,GO:0005829
b3287,GO:0005515
b3287,GO:0008198
b3287,GO:0008270
b3287,GO:0016787
b3287,GO:0042586
b3287,GO:0043022
b3287,GO:0046872
b3288,GO:0006412
b3288,GO:0006413
b3288,GO:0009058
b3288,GO:0019988
b3288,GO:0071951
b3288,GO:0005829
b3288,GO:0004479
b3288,GO:0016740
b3289,GO:0001510
b3289,GO:0006355
b3289,GO:0006364
b3289,GO:0031167
b3289,GO:0032259
b3289,GO:0070475
b3289,GO:0005737
b3289,GO:0005829
b3289,GO:0003723
b3289,GO:0008168
b3289,GO:0008649
b3289,GO:0009383
b3289,GO:0016434
b3290,GO:0006813
b3290,GO:0071805
b3290,GO:0005829
b3290,GO:0005886
b3290,GO:0009898
b3290,GO:0005515
b3290,GO:0015079
b3290,GO:0051287
b3291,GO:0006811
b3291,GO:0009992
b3291,GO:0034220
b3291,GO:0005886
b3291,GO:0016020
b3291,GO:0008381
b3291,GO:0042802
b3292,GO:0006351
b3292,GO:0006355
b3292,GO:0045893
b3292,GO:0000987
b3292,GO:0001216
b3292,GO:0003677
b3292,GO:0003700
b3292,GO:0005515
b3292,GO:0008270
b3292,GO:0046872
b3294,GO:0000027
b3294,GO:0002181
b3294,GO:0006412
b3294,GO:0005737
b3294,GO:0005829
b3294,GO:0005840
b3294,GO:0022625
b3294,GO:1990904
b3294,GO:0003735
b3294,GO:0005515
b3295,GO:0006351
b3295,GO:0006352
b3295,GO:0006879
b3295,GO:0009408
b3295,GO:0031564
b3295,GO:0032784
b3295,GO:0036460
b3295,GO:0042128
b3295,GO:0044780
b3295,GO:0048870
b3295,GO:0071973
b3295,GO:0090605
b3295,GO:2000142
b3295,GO:0000345
b3295,GO:0000428
b3295,GO:0005737
b3295,GO:0005829
b3295,GO:0016020
b3295,GO:0003677
b3295,GO:0003899
b3295,GO:0005515
b3295,GO:0016779
b3295,GO:0034062
b3295,GO:0046983
b3296,GO:0000028
b3296,GO:0002181
b3296,GO:0006353
b3296,GO:0006412
b3296,GO:0006417
b3296,GO:0031564
b3296,GO:0042254
b3296,GO:0042274
b3296,GO:0045947
b3296,GO:0046677
b3296,GO:1990145
b3296,GO:0005737
b3296,GO:0005829
b3296,GO:0005840
b3296,GO:0015935
b3296,GO:0022627
b3296,GO:1990904
b3296,GO:0000900
b3296,GO:0003735
b3296,GO:0005515
b3296,GO:0019843
b3296,GO:0048027
b3297,GO:0002181
b3297,GO:0006412
b3297,GO:0005737
b3297,GO:0005829
b3297,GO:0005840
b3297,GO:0022627
b3297,GO:1990904
b3297,GO:0003735
b3297,GO:0005515
b3297,GO:0019843
b3297,GO:0070181
b3298,GO:0002181
b3298,GO:0006412
b3298,GO:0005737
b3298,GO:0005829
b3298,GO:0005840
b3298,GO:0015935
b3298,GO:0022627
b3298,GO:1990904
b3298,GO:0000049
b3298,GO:0003723
b3298,GO:0003735
b3298,GO:0005515
b3298,GO:0019843
b3299,GO:0002181
b3299,GO:0006412
b3299,GO:0005737
b3299,GO:0005840
b3299,GO:0022625
b3299,GO:1990904
b3299,GO:0003735
b3300,GO:0006605
b3300,GO:0006616
b3300,GO:0006886
b3300,GO:0015031
b3300,GO:0032978
b3300,GO:0043952
b3300,GO:0065002
b3300,GO:0005886
b3300,GO:0016020
b3300,GO:0031522
b3300,GO:0005048
b3300,GO:0005515
b3300,GO:0008320
b3301,GO:0002181
b3301,GO:0006412
b3301,GO:0005737
b3301,GO:0005840
b3301,GO:0015934
b3301,GO:0022625
b3301,GO:1990904
b3301,GO:0003735
b3301,GO:0005515
b3301,GO:0019843
b3302,GO:0000027
b3302,GO:0002181
b3302,GO:0006412
b3302,GO:0005737
b3302,GO:0005840
b3302,GO:0015934
b3302,GO:0022625
b3302,GO:1990904
b3302,GO:0003735
b3303,GO:0000028
b3303,GO:0002181
b3303,GO:0006412
b3303,GO:0046677
b3303,GO:1990145
b3303,GO:0005737
b3303,GO:0005829
b3303,GO:0005840
b3303,GO:0015935
b3303,GO:0022627
b3303,GO:1990904
b3303,GO:0003723
b3303,GO:0003735
b3303,GO:0005515
b3303,GO:0019843
b3304,GO:0002181
b3304,GO:0006412
b3304,GO:0005737
b3304,GO:0005829
b3304,GO:0005840
b3304,GO:0022625
b3304,GO:1990904
b3304,GO:0003735
b3304,GO:0008097
b3304,GO:0019843
b3305,GO:0000027
b3305,GO:0002181
b3305,GO:0006412
b3305,GO:0046677
b3305,GO:0005737
b3305,GO:0005829
b3305,GO:0005840
b3305,GO:0022625
b3305,GO:1990904
b3305,GO:0003735
b3305,GO:0019843
b3305,GO:0070180
b3306,GO:0000028
b3306,GO:0002181
b3306,GO:0006412
b3306,GO:0006417
b3306,GO:0043488
b3306,GO:0005737
b3306,GO:0005829
b3306,GO:0005840
b3306,GO:0022627
b3306,GO:1990904
b3306,GO:0003735
b3306,GO:0019843
b3307,GO:0000028
b3307,GO:0002181
b3307,GO:0006412
b3307,GO:0005737
b3307,GO:0005840
b3307,GO:0015935
b3307,GO:0022627
b3307,GO:1990904
b3307,GO:0000049
b3307,GO:0003735
b3307,GO:0019843
b3308,GO:0000027
b3308,GO:0002181
b3308,GO:0006412
b3308,GO:0005737
b3308,GO:0005829
b3308,GO:0005840
b3308,GO:0022625
b3308,GO:1990904
b3308,GO:0000049
b3308,GO:0003723
b3308,GO:0003735
b3308,GO:0008097
b3308,GO:0019843
b3309,GO:0000027
b3309,GO:0002181
b3309,GO:0006412
b3309,GO:0005737
b3309,GO:0005829
b3309,GO:0005840
b3309,GO:0022625
b3309,GO:1990904
b3309,GO:0003723
b3309,GO:0003735
b3309,GO:0005515
b3309,GO:0019843
b3309,GO:0070180
b3310,GO:0002181
b3310,GO:0006412
b3310,GO:0005737
b3310,GO:0005829
b3310,GO:0005840
b3310,GO:0015934
b3310,GO:0022625
b3310,GO:1990904
b3310,GO:0003735
b3310,GO:0005515
b3310,GO:0019843
b3310,GO:0070180
b3311,GO:0000028
b3311,GO:0002181
b3311,GO:0006412
b3311,GO:0046677
b3311,GO:0005737
b3311,GO:0005840
b3311,GO:0022627
b3311,GO:1990904
b3311,GO:0003735
b3311,GO:0008270
b3311,GO:0019843
b3311,GO:0070181
b3312,GO:0000027
b3312,GO:0002181
b3312,GO:0006412
b3312,GO:0005737
b3312,GO:0005840
b3312,GO:0022625
b3312,GO:1990904
b3312,GO:0003735
b3312,GO:0019843
b3313,GO:0000027
b3313,GO:0002181
b3313,GO:0006412
b3313,GO:0005737
b3313,GO:0005840
b3313,GO:0022625
b3313,GO:1990904
b3313,GO:0000049
b3313,GO:0003735
b3313,GO:0019843
b3314,GO:0000028
b3314,GO:0002181
b3314,GO:0006412
b3314,GO:0005737
b3314,GO:0005829
b3314,GO:0005840
b3314,GO:0022627
b3314,GO:1990904
b3314,GO:0003723
b3314,GO:0003729
b3314,GO:0003735
b3314,GO:0019843
b3315,GO:0002181
b3315,GO:0006412
b3315,GO:0042255
b3315,GO:0042256
b3315,GO:0046677
b3315,GO:1902626
b3315,GO:0005737
b3315,GO:0005829
b3315,GO:0005840
b3315,GO:0015934
b3315,GO:0022625
b3315,GO:1990904
b3315,GO:0003735
b3315,GO:0005515
b3315,GO:0019843
b3315,GO:0070180
b3316,GO:0000028
b3316,GO:0002181
b3316,GO:0006412
b3316,GO:0005737
b3316,GO:0005829
b3316,GO:0005840
b3316,GO:0015935
b3316,GO:0022627
b3316,GO:1990904
b3316,GO:0000049
b3316,GO:0003723
b3316,GO:0003735
b3316,GO:0019843
b3317,GO:0000027
b3317,GO:0002181
b3317,GO:0006412
b3317,GO:0032297
b3317,GO:0005737
b3317,GO:0005829
b3317,GO:0005840
b3317,GO:0015934
b3317,GO:0022625
b3317,GO:1990082
b3317,GO:1990904
b3317,GO:0003723
b3317,GO:0003735
b3317,GO:0005515
b3317,GO:0008270
b3317,GO:0016740
b3317,GO:0019843
b3318,GO:0000027
b3318,GO:0002181
b3318,GO:0006412
b3318,GO:0005737
b3318,GO:0005840
b3318,GO:0022625
b3318,GO:1990904
b3318,GO:0003735
b3318,GO:0005515
b3318,GO:0019843
b3319,GO:0002181
b3319,GO:0006353
b3319,GO:0006412
b3319,GO:0006417
b3319,GO:0017148
b3319,GO:0031555
b3319,GO:0042255
b3319,GO:0045892
b3319,GO:0046677
b3319,GO:2000766
b3319,GO:0005737
b3319,GO:0005829
b3319,GO:0005840
b3319,GO:0015934
b3319,GO:0022625
b3319,GO:1990904
b3319,GO:0001070
b3319,GO:0003677
b3319,GO:0003735
b3319,GO:0005515
b3319,GO:0019843
b3319,GO:0030371
b3319,GO:0048027
b3319,GO:0060698
b3320,GO:0000027
b3320,GO:0002181
b3320,GO:0006412
b3320,GO:0005737
b3320,GO:0005829
b3320,GO:0005840
b3320,GO:0022625
b3320,GO:1990904
b3320,GO:0003735
b3320,GO:0005515
b3320,GO:0019843
b3321,GO:0002181
b3321,GO:0006412
b3321,GO:0031564
b3321,GO:0032784
b3321,GO:0042254
b3321,GO:0005737
b3321,GO:0005829
b3321,GO:0005840
b3321,GO:0015935
b3321,GO:0022627
b3321,GO:1990904
b3321,GO:0000049
b3321,GO:0001072
b3321,GO:0003723
b3321,GO:0003735
b3321,GO:0005515
b3322,GO:0005886
b3323,GO:0005829
b3323,GO:0005886
b3323,GO:0005524
b3323,GO:0016887
b3324,GO:0015031
b3324,GO:0015628
b3324,GO:0005886
b3324,GO:0015627
b3325,GO:0009306
b3325,GO:0015031
b3325,GO:0015628
b3325,GO:0009279
b3325,GO:0015627
b3325,GO:0019867
b3325,GO:0042802
b3326,GO:0015031
b3326,GO:0015628
b3326,GO:0005886
b3326,GO:0015627
b3326,GO:0005515
b3326,GO:0005524
b3326,GO:0008564
b3326,GO:0016887
b3326,GO:0046872
b3327,GO:0015031
b3327,GO:0015628
b3327,GO:0005886
b3327,GO:0015627
b3327,GO:0016020
b3327,GO:0046872
b3328,GO:0015031
b3328,GO:0015628
b3328,GO:0005886
b3328,GO:0015627
b3329,GO:0015031
b3329,GO:0015628
b3329,GO:0005886
b3329,GO:0015627
b3329,GO:0005515
b3330,GO:0015031
b3330,GO:0015628
b3330,GO:0005886
b3330,GO:0015627
b3331,GO:0015031
b3331,GO:0015628
b3331,GO:0005886
b3331,GO:0015627
b3332,GO:0009306
b3332,GO:0015031
b3332,GO:0005886
b3332,GO:0016020
b3333,GO:0015031
b3333,GO:0015628
b3333,GO:0005886
b3333,GO:0009276
b3333,GO:0015627
b3334,GO:0015031
b3334,GO:0015628
b3334,GO:0005886
b3334,GO:0015627
b3335,GO:0006465
b3335,GO:0006508
b3335,GO:0005886
b3335,GO:0016020
b3335,GO:0004190
b3335,GO:0008233
b3335,GO:0016740
b3336,GO:0006826
b3336,GO:0006879
b3336,GO:0006880
b3336,GO:0034755
b3336,GO:0005829
b3336,GO:0016020
b3336,GO:0004322
b3336,GO:0005506
b3336,GO:0005515
b3336,GO:0008199
b3336,GO:0015093
b3336,GO:0016491
b3336,GO:0020037
b3336,GO:0042802
b3336,GO:0042803
b3336,GO:0046872
b3336,GO:0140315
b3337,GO:0005515
b3337,GO:0046872
b3337,GO:0051537
b3338,GO:0000272
b3338,GO:0005975
b3338,GO:0006032
b3338,GO:0005576
b3338,GO:0030288
b3338,GO:0042597
b3338,GO:0003796
b3338,GO:0004553
b3338,GO:0004568
b3338,GO:0008061
b3338,GO:0008843
b3338,GO:0016798
b3338,GO:0030246
b3339,GO:0006412
b3339,GO:0006414
b3339,GO:0046677
b3339,GO:0005737
b3339,GO:0005886
b3339,GO:0032045
b3339,GO:0003723
b3339,GO:0003746
b3339,GO:0003924
b3339,GO:0005515
b3339,GO:0005525
b3339,GO:0097216
b3340,GO:0006412
b3340,GO:0006414
b3340,GO:0032790
b3340,GO:0005737
b3340,GO:0005829
b3340,GO:0003746
b3340,GO:0003924
b3340,GO:0005525
b3340,GO:0016787
b3340,GO:0097216
b3341,GO:0000028
b3341,GO:0002181
b3341,GO:0006412
b3341,GO:0017148
b3341,GO:0005737
b3341,GO:0005829
b3341,GO:0005840
b3341,GO:0015935
b3341,GO:0016020
b3341,GO:0022627
b3341,GO:1990904
b3341,GO:0000049
b3341,GO:0003723
b3341,GO:0003729
b3341,GO:0003735
b3341,GO:0005515
b3341,GO:0019843
b3342,GO:0000372
b3342,GO:0002181
b3342,GO:0006412
b3342,GO:0033120
b3342,GO:0034337
b3342,GO:0046677
b3342,GO:1990145
b3342,GO:0005737
b3342,GO:0005829
b3342,GO:0005840
b3342,GO:0015935
b3342,GO:0022627
b3342,GO:1990904
b3342,GO:0000049
b3342,GO:0003735
b3342,GO:0005515
b3342,GO:0019843
b3342,GO:0034336
b3343,GO:0002143
b3343,GO:0008033
b3343,GO:0005737
b3343,GO:1990228
b3344,GO:0002143
b3344,GO:0008033
b3344,GO:0005737
b3344,GO:1990228
b3345,GO:0002143
b3345,GO:0008033
b3345,GO:0005737
b3345,GO:0005829
b3345,GO:1990228
b3345,GO:0016740
b3345,GO:0016783
b3345,GO:0097163
b3346,GO:0005829
b3347,GO:0006457
b3347,GO:0042026
b3347,GO:0030288
b3347,GO:0042597
b3347,GO:0003755
b3347,GO:0044183
b3349,GO:0009408
b3349,GO:0022417
b3349,GO:0042026
b3349,GO:0050821
b3349,GO:0051604
b3349,GO:0005737
b3349,GO:0005829
b3349,GO:0003755
b3349,GO:0005507
b3349,GO:0005515
b3349,GO:0008270
b3349,GO:0016151
b3349,GO:0046872
b3349,GO:0050897
b3349,GO:0051082
b3350,GO:0006813
b3350,GO:0051453
b3350,GO:0071805
b3350,GO:1902600
b3350,GO:0005886
b3350,GO:1903103
b3350,GO:0015297
b3350,GO:0015503
b3351,GO:0006813
b3351,GO:0032414
b3351,GO:0051453
b3351,GO:1901381
b3351,GO:0005886
b3351,GO:1903103
b3351,GO:0003955
b3351,GO:0008753
b3351,GO:0009055
b3351,GO:0010181
b3351,GO:0016491
b3351,GO:0050136
b3352,GO:0005829
b3352,GO:0005515
b3352,GO:0005524
b3352,GO:0016887
b3353,GO:0044255
b3353,GO:0005886
b3353,GO:0034338
b3353,GO:0047372
b3353,GO:0050526
b3353,GO:0052689
b3355,GO:0005975
b3355,GO:0016310
b3355,GO:0005737
b3355,GO:0005524
b3355,GO:0008974
b3355,GO:0016301
b3357,GO:0006351
b3357,GO:0006355
b3357,GO:0045013
b3357,GO:0045892
b3357,GO:0045893
b3357,GO:0005829
b3357,GO:0032993
b3357,GO:0003677
b3357,GO:0003680
b3357,GO:0003700
b3357,GO:0005515
b3357,GO:0008301
b3357,GO:0030552
b3357,GO:0042802
b3357,GO:0043565
b3358,GO:0005886
b3359,GO:0006525
b3359,GO:0006526
b3359,GO:0009085
b3359,GO:0009089
b3359,GO:0033359
b3359,GO:0042450
b3359,GO:0005737
b3359,GO:0003992
b3359,GO:0008483
b3359,GO:0009016
b3359,GO:0030170
b3359,GO:0042802
b3360,GO:0000162
b3360,GO:0006541
b3360,GO:0008153
b3360,GO:0008652
b3360,GO:0009073
b3360,GO:0046654
b3360,GO:0046656
b3360,GO:0009356
b3360,GO:0004049
b3360,GO:0016740
b3360,GO:0046820
b3360,GO:0046982
b3361,GO:0051302
b3361,GO:0005515
b3361,GO:0005524
b3361,GO:0016779
b3361,GO:0070733
b3362,GO:0005515
b3363,GO:0000413
b3363,GO:0006457
b3363,GO:0030288
b3363,GO:0042597
b3363,GO:0003755
b3364,GO:0055085
b3364,GO:0072714
b3364,GO:0005886
b3364,GO:0022857
b3365,GO:0006113
b3365,GO:0006116
b3365,GO:0042128
b3365,GO:0009344
b3365,GO:0005515
b3365,GO:0016491
b3365,GO:0020037
b3365,GO:0046872
b3365,GO:0050660
b3365,GO:0050661
b3365,GO:0051536
b3365,GO:0051537
b3365,GO:0051539
b3365,GO:0098809
b3365,GO:0106316
b3366,GO:0042128
b3366,GO:0005737
b3366,GO:0009344
b3366,GO:0005515
b3366,GO:0016491
b3366,GO:0051537
b3366,GO:0106316
b3367,GO:0015707
b3367,GO:0015724
b3367,GO:0042128
b3367,GO:0055085
b3367,GO:0005886
b3367,GO:0016020
b3367,GO:0015113
b3367,GO:0015499
b3367,GO:0022857
b3368,GO:0006779
b3368,GO:0006970
b3368,GO:0009236
b3368,GO:0019354
b3368,GO:0032259
b3368,GO:0004325
b3368,GO:0004851
b3368,GO:0008168
b3368,GO:0016491
b3368,GO:0016829
b3368,GO:0042803
b3368,GO:0043115
b3368,GO:0051266
b3368,GO:0051287
b3369,GO:0005886
b3369,GO:0016020
b3370,GO:0003333
b3370,GO:0006865
b3370,GO:0055085
b3370,GO:1901281
b3370,GO:1902475
b3370,GO:0005886
b3370,GO:0016020
b3370,GO:0015179
b3370,GO:0022857
b3371,GO:0006002
b3371,GO:0006047
b3371,GO:0006487
b3371,GO:1901135
b3371,GO:0004360
b3371,GO:0016787
b3371,GO:0016836
b3371,GO:0042802
b3371,GO:0097367
b3374,GO:0016310
b3374,GO:0046835
b3374,GO:0005515
b3374,GO:0005524
b3374,GO:0016301
b3374,GO:0016772
b3374,GO:0019200
b3375,GO:0006355
b3375,GO:0045892
b3375,GO:0003677
b3375,GO:0003700
b3375,GO:0005515
b3376,GO:0006520
b3376,GO:0006535
b3376,GO:0009058
b3376,GO:0071266
b3376,GO:0071269
b3376,GO:0003824
b3376,GO:0003961
b3376,GO:0004124
b3376,GO:0016765
b3376,GO:0030170
b3377,GO:0005886
b3379,GO:0009056
b3379,GO:0008270
b3379,GO:0016787
b3379,GO:0016788
b3379,GO:0046872
b3380,GO:0009117
b3380,GO:0043094
b3380,GO:0005737
b3380,GO:0005829
b3380,GO:0000287
b3380,GO:0008973
b3380,GO:0046872
b3382,GO:0006355
b3384,GO:0006412
b3384,GO:0006418
b3384,GO:0006436
b3384,GO:0005737
b3384,GO:0005829
b3384,GO:0004812
b3384,GO:0004830
b3384,GO:0005524
b3385,GO:0005975
b3385,GO:0006281
b3385,GO:0046295
b3385,GO:0005829
b3385,GO:0000287
b3385,GO:0003824
b3385,GO:0008967
b3385,GO:0016787
b3385,GO:0031404
b3385,GO:0046872
b3386,GO:0005975
b3386,GO:0006098
b3386,GO:0009052
b3386,GO:0019323
b3386,GO:0005829
b3386,GO:0004750
b3386,GO:0005515
b3386,GO:0008198
b3386,GO:0016853
b3386,GO:0046872
b3387,GO:0006260
b3387,GO:0006261
b3387,GO:0006298
b3387,GO:0009307
b3387,GO:0009411
b3387,GO:0032259
b3387,GO:1902328
b3387,GO:0003676
b3387,GO:0003677
b3387,GO:0005515
b3387,GO:0008168
b3387,GO:0009007
b3387,GO:0043565
b3387,GO:1904047
b3388,GO:0032506
b3388,GO:0051301
b3388,GO:0005886
b3388,GO:0030428
b3388,GO:0032153
b3388,GO:0005515
b3388,GO:0008047
b3388,GO:0042834
b3389,GO:0008652
b3389,GO:0009073
b3389,GO:0009423
b3389,GO:0005737
b3389,GO:0000166
b3389,GO:0003856
b3389,GO:0005515
b3389,GO:0008270
b3389,GO:0016829
b3389,GO:0046872
b3389,GO:0070403
b3390,GO:0008652
b3390,GO:0009073
b3390,GO:0009423
b3390,GO:0016310
b3390,GO:0019752
b3390,GO:0046677
b3390,GO:0005737
b3390,GO:0005829
b3390,GO:0000287
b3390,GO:0004765
b3390,GO:0005524
b3390,GO:0016301
b3390,GO:0046872
b3391,GO:0006308
b3391,GO:0009306
b3391,GO:0015976
b3391,GO:0009279
b3391,GO:0019867
b3391,GO:0003677
b3392,GO:0006308
b3392,GO:0015976
b3393,GO:0006308
b3393,GO:0015976
b3393,GO:0005886
b3394,GO:0006308
b3394,GO:0015976
b3394,GO:0043107
b3394,GO:0043683
b3394,GO:0005886
b3395,GO:0006308
b3395,GO:0015976
b3396,GO:0006508
b3396,GO:0008360
b3396,GO:0009252
b3396,GO:0046677
b3396,GO:0071555
b3396,GO:0005886
b3396,GO:0030288
b3396,GO:0004180
b3396,GO:0004185
b3396,GO:0005515
b3396,GO:0008658
b3396,GO:0008955
b3396,GO:0009002
b3396,GO:0016757
b3397,GO:0006753
b3397,GO:0019693
b3397,GO:0005829
b3397,GO:0000287
b3397,GO:0016787
b3397,GO:0019144
b3397,GO:0042803
b3397,GO:0046872
b3397,GO:0047631
b3399,GO:0006281
b3399,GO:0005829
b3399,GO:0000287
b3399,GO:0003824
b3399,GO:0008253
b3399,GO:0008477
b3399,GO:0008967
b3399,GO:0016787
b3399,GO:0030145
b3399,GO:0046872
b3399,GO:0050483
b3399,GO:0050484
b3399,GO:0106411
b3400,GO:0009408
b3400,GO:0034605
b3400,GO:0005829
b3400,GO:0003677
b3400,GO:0003723
b3400,GO:0003727
b3400,GO:0005515
b3400,GO:0043023
b3401,GO:0006457
b3401,GO:0006979
b3401,GO:0009408
b3401,GO:0036506
b3401,GO:0042026
b3401,GO:0005737
b3401,GO:0005829
b3401,GO:0005515
b3401,GO:0008270
b3401,GO:0042802
b3401,GO:0044183
b3401,GO:0051082
b3402,GO:0005886
b3404,GO:0000160
b3404,GO:0006970
b3404,GO:0007165
b3404,GO:0016310
b3404,GO:0018106
b3404,GO:0046777
b3404,GO:0005829
b3404,GO:0005886
b3404,GO:0016020
b3404,GO:0030288
b3404,GO:0000155
b3404,GO:0004673
b3404,GO:0004721
b3404,GO:0005515
b3404,GO:0005524
b3404,GO:0016301
b3404,GO:0042802
b3404,GO:0042803
b3405,GO:0000160
b3405,GO:0006355
b3405,GO:0045893
b3405,GO:0005737
b3405,GO:0005829
b3405,GO:0032993
b3405,GO:0000156
b3405,GO:0000976
b3405,GO:0003677
b3405,GO:0005515
b3406,GO:0006352
b3406,GO:0006354
b3406,GO:0032784
b3406,GO:0003677
b3406,GO:0003711
b3406,GO:0070063
b3407,GO:0006139
b3407,GO:0006412
b3407,GO:0010212
b3407,GO:0005829
b3407,GO:0000049
b3407,GO:0003676
b3407,GO:0003723
b3407,GO:0003729
b3407,GO:0003735
b3408,GO:0006826
b3408,GO:0006974
b3408,GO:0005737
b3408,GO:0046914
b3409,GO:0006826
b3409,GO:0006974
b3409,GO:0098711
b3409,GO:0005886
b3409,GO:0016020
b3409,GO:0005525
b3409,GO:0015093
b3409,GO:0042802
b3410,GO:0033212
b3410,GO:0003677
b3410,GO:0005506
b3410,GO:0046872
b3410,GO:0051536
b3410,GO:0051539
b3411,GO:0006310
b3411,GO:0004519
b3411,GO:0016888
b3411,GO:1990238
b3412,GO:0009102
b3412,GO:0005737
b3412,GO:0005515
b3412,GO:0052689
b3412,GO:0090499
b3412,GO:0106435
b3414,GO:0006979
b3414,GO:0010106
b3414,GO:0015976
b3414,GO:0016226
b3414,GO:0051604
b3414,GO:0097428
b3414,GO:0106035
b3414,GO:0005829
b3414,GO:0005506
b3414,GO:0005515
b3414,GO:0042803
b3414,GO:0046872
b3414,GO:0051539
b3414,GO:0140132
b3415,GO:0019521
b3415,GO:0035429
b3415,GO:0046177
b3415,GO:0005886
b3415,GO:0016020
b3415,GO:0015128
b3416,GO:0000025
b3416,GO:0005975
b3416,GO:0005978
b3416,GO:0005980
b3416,GO:0005737
b3416,GO:0005829
b3416,GO:0004134
b3416,GO:0016757
b3417,GO:0005975
b3417,GO:0005980
b3417,GO:0030980
b3417,GO:0005737
b3417,GO:0005829
b3417,GO:0004645
b3417,GO:0008184
b3417,GO:0016757
b3417,GO:0030170
b3417,GO:0031220
b3417,GO:0042803
b3418,GO:0006355
b3418,GO:0045893
b3418,GO:0045913
b3418,GO:0003677
b3418,GO:0003700
b3418,GO:0005515
b3418,GO:0005524
b3418,GO:0042802
b3418,GO:0048031
b3421,GO:0006281
b3421,GO:0006396
b3421,GO:0006974
b3421,GO:0042245
b3421,GO:0003909
b3421,GO:0005525
b3421,GO:0016874
b3421,GO:0030145
b3421,GO:0046872
b3421,GO:0170057
b3422,GO:0000160
b3422,GO:0006355
b3422,GO:0045893
b3422,GO:0003677
b3422,GO:0003700
b3422,GO:0005524
b3422,GO:0016887
b3424,GO:0006508
b3424,GO:0005886
b3424,GO:0016020
b3424,GO:0004175
b3424,GO:0004252
b3424,GO:0008236
b3424,GO:0042802
b3425,GO:0006071
b3425,GO:0006791
b3425,GO:0005737
b3425,GO:0004792
b3425,GO:0016740
b3426,GO:0006071
b3426,GO:0006072
b3426,GO:0006796
b3426,GO:0009060
b3426,GO:0009061
b3426,GO:0019563
b3426,GO:0019637
b3426,GO:0046168
b3426,GO:0005737
b3426,GO:0005886
b3426,GO:0009331
b3426,GO:0004368
b3426,GO:0005515
b3426,GO:0009055
b3426,GO:0016491
b3426,GO:0042803
b3426,GO:0071949
b3428,GO:0005975
b3428,GO:0005977
b3428,GO:0005980
b3428,GO:0005737
b3428,GO:0004645
b3428,GO:0005515
b3428,GO:0008184
b3428,GO:0016757
b3428,GO:0030170
b3428,GO:0042803
b3429,GO:0005978
b3429,GO:0006974
b3429,GO:0005829
b3429,GO:0004373
b3429,GO:0009011
b3429,GO:0016757
b3430,GO:0005978
b3430,GO:0051289
b3430,GO:0010170
b3430,GO:0000287
b3430,GO:0005524
b3430,GO:0008878
b3430,GO:0016208
b3430,GO:0016779
b3430,GO:0042802
b3431,GO:0005977
b3431,GO:0005980
b3431,GO:0006974
b3431,GO:0004133
b3431,GO:0004135
b3431,GO:0004553
b3431,GO:0016798
b3432,GO:0005978
b3432,GO:0006974
b3432,GO:0005737
b3432,GO:0005829
b3432,GO:0003844
b3432,GO:0004553
b3432,GO:0016757
b3432,GO:0043169
b3433,GO:0006974
b3433,GO:0009085
b3433,GO:0009086
b3433,GO:0009088
b3433,GO:0009089
b3433,GO:0009090
b3433,GO:0009097
b3433,GO:0019877
b3433,GO:0071266
b3433,GO:0005829
b3433,GO:0004073
b3433,GO:0016491
b3433,GO:0046983
b3433,GO:0050661
b3433,GO:0051287
b3434,GO:0005886
b3434,GO:0016020
b3437,GO:0005975
b3437,GO:0016310
b3437,GO:0046177
b3437,GO:0005524
b3437,GO:0016301
b3437,GO:0042803
b3437,GO:0046316
b3438,GO:0006355
b3438,GO:0006974
b3438,GO:0045892
b3438,GO:0045893
b3438,GO:0046177
b3438,GO:0005829
b3438,GO:0000976
b3438,GO:0003677
b3438,GO:0003700
b3439,GO:0008127
b3439,GO:0046872
b3439,GO:0051213
b3440,GO:0017000
b3440,GO:0005829
b3440,GO:0000166
b3440,GO:0016491
b3440,GO:0102497
b3447,GO:0006508
b3447,GO:0006749
b3447,GO:0006750
b3447,GO:0006751
b3447,GO:0043102
b3447,GO:0097264
b3447,GO:0030288
b3447,GO:0042597
b3447,GO:0008233
b3447,GO:0016746
b3447,GO:0034722
b3447,GO:0036374
b3447,GO:0103068
b3448,GO:0005515
b3449,GO:0006071
b3449,GO:0006629
b3449,GO:0005737
b3449,GO:0000287
b3449,GO:0008081
b3449,GO:0008889
b3449,GO:0016787
b3449,GO:0046872
b3449,GO:0047389
b3449,GO:0047395
b3450,GO:0001407
b3450,GO:0008643
b3450,GO:0015794
b3450,GO:0005886
b3450,GO:0016020
b3450,GO:0032991
b3450,GO:0043190
b3450,GO:0055052
b3450,GO:1902517
b3450,GO:0001406
b3450,GO:0005524
b3450,GO:0015169
b3450,GO:0015430
b3450,GO:0016887
b3450,GO:0140359
b3451,GO:0015794
b3451,GO:0055085
b3451,GO:0005886
b3451,GO:0016020
b3451,GO:0055052
b3451,GO:1902517
b3451,GO:0015169
b3452,GO:0001407
b3452,GO:0015794
b3452,GO:0055085
b3452,GO:0005886
b3452,GO:0016020
b3452,GO:0055052
b3452,GO:1902517
b3452,GO:0001406
b3452,GO:0015169
b3453,GO:0001407
b3453,GO:0015794
b3453,GO:0055085
b3453,GO:0016020
b3453,GO:0030288
b3453,GO:0042597
b3453,GO:1902517
b3454,GO:0006865
b3454,GO:0015803
b3454,GO:0015807
b3454,GO:0015823
b3454,GO:1903714
b3454,GO:1903785
b3454,GO:0016020
b3454,GO:0055052
b3454,GO:0005304
b3454,GO:0005524
b3454,GO:0015188
b3454,GO:0015190
b3454,GO:0015658
b3454,GO:0016887
b3455,GO:0006865
b3455,GO:0015803
b3455,GO:0015808
b3455,GO:0015823
b3455,GO:0042941
b3455,GO:1903714
b3455,GO:1903785
b3455,GO:1903805
b3455,GO:1903806
b3455,GO:0005886
b3455,GO:0016020
b3455,GO:0055052
b3455,GO:0005304
b3455,GO:0005524
b3455,GO:0015188
b3455,GO:0015190
b3455,GO:0015192
b3455,GO:0015658
b3455,GO:0016887
b3456,GO:0006865
b3456,GO:0015803
b3456,GO:0015823
b3456,GO:0055085
b3456,GO:1903714
b3456,GO:1903785
b3456,GO:0005886
b3456,GO:0016020
b3456,GO:0055052
b3456,GO:0005304
b3456,GO:0015188
b3456,GO:0015190
b3456,GO:0015192
b3456,GO:0015658
b3457,GO:0006865
b3457,GO:0015803
b3457,GO:0015808
b3457,GO:0015823
b3457,GO:0042941
b3457,GO:0055085
b3457,GO:1903714
b3457,GO:1903785
b3457,GO:1903801
b3457,GO:1903806
b3457,GO:0005886
b3457,GO:0016020
b3457,GO:0055052
b3457,GO:0005304
b3457,GO:0015188
b3457,GO:0015190
b3457,GO:0015192
b3457,GO:0015658
b3457,GO:0022857
b3458,GO:0006865
b3458,GO:0015803
b3458,GO:0015820
b3458,GO:0015823
b3458,GO:0016020
b3458,GO:0030288
b3458,GO:0042597
b3458,GO:0055052
b3458,GO:0070728
b3459,GO:0015940
b3459,GO:0016485
b3459,GO:0031638
b3459,GO:0005515
b3459,GO:0016747
b3459,GO:1905502
b3460,GO:0006865
b3460,GO:0015803
b3460,GO:0015818
b3460,GO:0015820
b3460,GO:0015829
b3460,GO:0016020
b3460,GO:0030288
b3460,GO:0042597
b3460,GO:0055052
b3461,GO:0006310
b3461,GO:0006351
b3461,GO:0006352
b3461,GO:0006355
b3461,GO:0009408
b3461,GO:0010468
b3461,GO:0015074
b3461,GO:0045893
b3461,GO:2000142
b3461,GO:0000345
b3461,GO:0005737
b3461,GO:0005829
b3461,GO:0005886
b3461,GO:0031421
b3461,GO:0001000
b3461,GO:0001046
b3461,GO:0001216
b3461,GO:0003677
b3461,GO:0005515
b3461,GO:0009009
b3461,GO:0016987
b3462,GO:0000917
b3462,GO:0009254
b3462,GO:0043093
b3462,GO:0051301
b3462,GO:0051781
b3462,GO:0000935
b3462,GO:0005886
b3462,GO:0009276
b3462,GO:0016020
b3462,GO:0032153
b3462,GO:0098797
b3462,GO:1904949
b3462,GO:1990586
b3462,GO:0005515
b3463,GO:0000917
b3463,GO:0009254
b3463,GO:0043093
b3463,GO:0046677
b3463,GO:0051301
b3463,GO:0051781
b3463,GO:0055085
b3463,GO:0000935
b3463,GO:0005737
b3463,GO:0005886
b3463,GO:0019898
b3463,GO:0032153
b3463,GO:0098797
b3463,GO:1904949
b3463,GO:1990586
b3463,GO:0005515
b3463,GO:0005524
b3463,GO:0016887
b3463,GO:0022857
b3464,GO:0006605
b3464,GO:0006612
b3464,GO:0006614
b3464,GO:0015968
b3464,GO:0005737
b3464,GO:0005829
b3464,GO:0005886
b3464,GO:0009898
b3464,GO:0016020
b3464,GO:0003924
b3464,GO:0005047
b3464,GO:0005515
b3464,GO:0005525
b3464,GO:0016787
b3464,GO:0016887
b3464,GO:0042803
b3465,GO:0006364
b3465,GO:0031167
b3465,GO:0032259
b3465,GO:0070475
b3465,GO:0003676
b3465,GO:0005515
b3465,GO:0008168
b3465,GO:0052913
b3466,GO:0005886
b3467,GO:0005886
b3468,GO:0005886
b3468,GO:0016020
b3468,GO:0016787
b3469,GO:0006812
b3469,GO:0006829
b3469,GO:0006882
b3469,GO:0010043
b3469,GO:0010288
b3469,GO:0010312
b3469,GO:0015692
b3469,GO:0030001
b3469,GO:0046686
b3469,GO:0055085
b3469,GO:0070574
b3469,GO:0071577
b3469,GO:0005886
b3469,GO:0016020
b3469,GO:0005524
b3469,GO:0008551
b3469,GO:0015086
b3469,GO:0015094
b3469,GO:0015662
b3469,GO:0016463
b3469,GO:0016887
b3469,GO:0019829
b3469,GO:0046872
b3470,GO:0002143
b3470,GO:0006400
b3470,GO:0006777
b3470,GO:0008033
b3470,GO:0019448
b3470,GO:0005737
b3470,GO:0005829
b3470,GO:1990329
b3470,GO:0005515
b3470,GO:0097163
b3471,GO:0055085
b3471,GO:0072531
b3471,GO:1990397
b3471,GO:0005886
b3471,GO:0022857
b3472,GO:0005886
b3472,GO:0042597
b3473,GO:0055085
b3473,GO:0005886
b3473,GO:0016020
b3473,GO:0022857
b3474,GO:0055085
b3474,GO:0005886
b3475,GO:0006633
b3475,GO:0019878
b3475,GO:0005829
b3475,GO:0000287
b3475,GO:0008897
b3475,GO:0016740
b3476,GO:0015675
b3476,GO:0015833
b3476,GO:0050919
b3476,GO:0055085
b3476,GO:0098716
b3476,GO:0016020
b3476,GO:0030288
b3476,GO:0042597
b3476,GO:0043190
b3476,GO:0055052
b3476,GO:0005515
b3476,GO:0016151
b3476,GO:0020037
b3476,GO:0046914
b3476,GO:0051540
b3476,GO:1904680
b3477,GO:0015675
b3477,GO:0035442
b3477,GO:0035444
b3477,GO:0098716
b3477,GO:0005886
b3477,GO:0016020
b3477,GO:0055052
b3477,GO:0015099
b3477,GO:0016151
b3477,GO:0071916
b3478,GO:0015675
b3478,GO:0035442
b3478,GO:0055085
b3478,GO:0098716
b3478,GO:0005886
b3478,GO:0016020
b3478,GO:0055052
b3478,GO:0015099
b3478,GO:0016151
b3478,GO:0071916
b3479,GO:0015675
b3479,GO:0035672
b3479,GO:0098716
b3479,GO:0005886
b3479,GO:0016020
b3479,GO:0055052
b3479,GO:0005524
b3479,GO:0015413
b3479,GO:0016151
b3479,GO:0016887
b3479,GO:0022857
b3480,GO:0006974
b3480,GO:0015675
b3480,GO:0098716
b3480,GO:0005886
b3480,GO:0016020
b3480,GO:0055052
b3480,GO:0005524
b3480,GO:0015413
b3480,GO:0016151
b3480,GO:0016887
b3481,GO:0006355
b3481,GO:0010045
b3481,GO:2000143
b3481,GO:0005667
b3481,GO:0032993
b3481,GO:0000976
b3481,GO:0001046
b3481,GO:0001217
b3481,GO:0003677
b3481,GO:0003700
b3481,GO:0005515
b3481,GO:0016151
b3481,GO:0042802
b3481,GO:0043565
b3481,GO:0046872
b3483,GO:0005886
b3484,GO:0006313
b3484,GO:0003677
b3484,GO:0004803
b3485,GO:0055085
b3485,GO:0005886
b3485,GO:0016020
b3485,GO:0140359
b3486,GO:0045727
b3486,GO:0055085
b3486,GO:0005886
b3486,GO:0016020
b3486,GO:0022627
b3486,GO:0060187
b3486,GO:0005515
b3486,GO:0005524
b3486,GO:0016787
b3486,GO:0016887
b3486,GO:0043024
b3486,GO:0140359
b3487,GO:0005886
b3488,GO:0019310
b3491,GO:0001659
b3491,GO:0071468
b3491,GO:0005886
b3492,GO:0005829
b3493,GO:0006817
b3493,GO:0006829
b3493,GO:0010960
b3493,GO:0015710
b3493,GO:0035435
b3493,GO:0071577
b3493,GO:1901684
b3493,GO:1902600
b3493,GO:0005886
b3493,GO:0016020
b3493,GO:0005315
b3493,GO:0005385
b3493,GO:0005515
b3493,GO:0015293
b3493,GO:0015295
b3493,GO:0015654
b3493,GO:1901683
b3494,GO:0000725
b3494,GO:0006974
b3494,GO:0045471
b3494,GO:0005886
b3495,GO:0005737
b3495,GO:0016020
b3495,GO:0042802
b3495,GO:0042803
b3496,GO:0006857
b3496,GO:0015031
b3496,GO:0015833
b3496,GO:0035442
b3496,GO:0035443
b3496,GO:0042938
b3496,GO:0042939
b3496,GO:0055085
b3496,GO:1902600
b3496,GO:0005886
b3496,GO:0016020
b3496,GO:0015078
b3496,GO:0015333
b3496,GO:0042937
b3496,GO:0071916
b3496,GO:1904680
b3497,GO:0006364
b3497,GO:0031167
b3497,GO:0032259
b3497,GO:0070475
b3497,GO:0005737
b3497,GO:0008168
b3497,GO:0008990
b3497,GO:0036308
b3498,GO:0006260
b3498,GO:0006465
b3498,GO:0006508
b3498,GO:0006518
b3498,GO:0005737
b3498,GO:0005829
b3498,GO:0004222
b3498,GO:0008233
b3498,GO:0008237
b3498,GO:0046872
b3499,GO:0006364
b3499,GO:0015976
b3499,GO:0032259
b3499,GO:0070475
b3499,GO:0005829
b3499,GO:0003676
b3499,GO:0003723
b3499,GO:0005515
b3499,GO:0008168
b3499,GO:0008649
b3499,GO:0008988
b3499,GO:0036307
b3500,GO:0006749
b3500,GO:0034599
b3500,GO:0045454
b3500,GO:0098869
b3500,GO:0005737
b3500,GO:0005829
b3500,GO:0016020
b3500,GO:0004362
b3500,GO:0016491
b3500,GO:0050660
b3500,GO:0050661
b3500,GO:0071949
b3501,GO:0006351
b3501,GO:0006355
b3501,GO:0046685
b3501,GO:0003677
b3501,GO:0003700
b3502,GO:0015699
b3502,GO:0015700
b3502,GO:0046685
b3502,GO:0005886
b3502,GO:0016020
b3502,GO:0008490
b3502,GO:0015105
b3502,GO:0042960
b3503,GO:0006974
b3503,GO:0046685
b3503,GO:0008794
b3503,GO:0016491
b3506,GO:0009279
b3506,GO:0019867
b3506,GO:0042802
b3507,GO:0006355
b3507,GO:1990451
b3507,GO:0003677
b3507,GO:0005515
b3508,GO:0005886
b3508,GO:0016020
b3509,GO:0009268
b3509,GO:0010447
b3509,GO:1990451
b3509,GO:0030288
b3509,GO:0042597
b3509,GO:0051082
b3510,GO:0061077
b3510,GO:0071468
b3510,GO:1990451
b3510,GO:0030288
b3510,GO:0042597
b3510,GO:0042802
b3510,GO:0042803
b3510,GO:0044183
b3510,GO:0051082
b3511,GO:0009268
b3511,GO:0005886
b3512,GO:0006355
b3512,GO:1990451
b3512,GO:0005667
b3512,GO:0003677
b3513,GO:0009636
b3513,GO:0015721
b3513,GO:0042908
b3513,GO:0046677
b3513,GO:0055085
b3513,GO:0005886
b3513,GO:0016020
b3513,GO:0015125
b3513,GO:0022857
b3513,GO:0042802
b3514,GO:0006855
b3514,GO:0009636
b3514,GO:0015721
b3514,GO:0042908
b3514,GO:0046677
b3514,GO:0055085
b3514,GO:0005886
b3514,GO:0016020
b3514,GO:0015125
b3514,GO:0015562
b3514,GO:0042802
b3514,GO:0042910
b3515,GO:0006351
b3515,GO:0006355
b3515,GO:0006974
b3515,GO:0003677
b3515,GO:0003700
b3515,GO:0043565
b3516,GO:0006351
b3516,GO:0006355
b3516,GO:0006974
b3516,GO:0045893
b3516,GO:0000976
b3516,GO:0000987
b3516,GO:0001216
b3516,GO:0003677
b3516,GO:0003700
b3516,GO:0042803
b3516,GO:0043565
b3517,GO:0006536
b3517,GO:0006538
b3517,GO:0051454
b3517,GO:0005829
b3517,GO:0016020
b3517,GO:0004351
b3517,GO:0005515
b3517,GO:0016831
b3517,GO:0030170
b3519,GO:0005993
b3519,GO:0071474
b3519,GO:0005737
b3519,GO:0004555
b3519,GO:0016798
b3520,GO:0006355
b3520,GO:0003677
b3520,GO:0005515
b3522,GO:0015920
b3522,GO:0005886
b3523,GO:0055085
b3523,GO:0005886
b3523,GO:0016020
b3523,GO:0022857
b3524,GO:0090313
b3524,GO:0005886
b3525,GO:1902021
b3525,GO:0000166
b3525,GO:0016787
b3525,GO:0071111
b3526,GO:0006974
b3526,GO:0016310
b3526,GO:0019698
b3526,GO:0042840
b3526,GO:0046835
b3526,GO:0005829
b3526,GO:0005524
b3526,GO:0008673
b3526,GO:0016301
b3526,GO:0016772
b3527,GO:0006508
b3527,GO:0042542
b3527,GO:0042597
b3527,GO:0008237
b3527,GO:0046872
b3528,GO:0006835
b3528,GO:0006974
b3528,GO:0015741
b3528,GO:0046942
b3528,GO:0070778
b3528,GO:0071422
b3528,GO:0071423
b3528,GO:0005886
b3528,GO:0016020
b3528,GO:0005515
b3528,GO:0015138
b3528,GO:0015141
b3528,GO:0015183
b3528,GO:0015293
b3528,GO:0015366
b3529,GO:0007165
b3529,GO:0005886
b3529,GO:0016020
b3529,GO:0005515
b3529,GO:0016787
b3529,GO:0042802
b3529,GO:0071111
b3530,GO:0030244
b3530,GO:0009279
b3530,GO:0019867
b3531,GO:0005975
b3531,GO:0030245
b3531,GO:0005576
b3531,GO:0004553
b3531,GO:0008810
b3531,GO:0016798
b3532,GO:0006011
b3532,GO:0030244
b3532,GO:0005886
b3532,GO:0016020
b3533,GO:0006011
b3533,GO:0030244
b3533,GO:0090540
b3533,GO:0005886
b3533,GO:0016020
b3533,GO:0016757
b3533,GO:0016758
b3533,GO:0016759
b3533,GO:0016760
b3533,GO:0035438
b3535,GO:0030244
b3535,GO:0090540
b3536,GO:0030244
b3536,GO:0000166
b3536,GO:0035438
b3537,GO:0030244
b3537,GO:0005886
b3538,GO:0030244
b3538,GO:0005886
b3539,GO:0003333
b3539,GO:0009314
b3539,GO:0005886
b3540,GO:0009314
b3540,GO:0015031
b3540,GO:0015833
b3540,GO:0035351
b3540,GO:0035442
b3540,GO:0042938
b3540,GO:0005886
b3540,GO:0016020
b3540,GO:0055052
b3540,GO:0005524
b3540,GO:0015232
b3540,GO:0016887
b3540,GO:0071916
b3541,GO:0015031
b3541,GO:0015833
b3541,GO:0035351
b3541,GO:0035442
b3541,GO:0042938
b3541,GO:0005886
b3541,GO:0016020
b3541,GO:0055052
b3541,GO:0005515
b3541,GO:0005524
b3541,GO:0015232
b3541,GO:0016887
b3541,GO:0051539
b3541,GO:0071916
b3542,GO:0015031
b3542,GO:0015833
b3542,GO:0035351
b3542,GO:0035442
b3542,GO:0042938
b3542,GO:0055085
b3542,GO:0005886
b3542,GO:0016020
b3542,GO:0055052
b3542,GO:0071916
b3543,GO:0015031
b3543,GO:0015833
b3543,GO:0035351
b3543,GO:0035442
b3543,GO:0042938
b3543,GO:0055085
b3543,GO:0005886
b3543,GO:0016020
b3543,GO:0055052
b3543,GO:0071916
b3544,GO:0006935
b3544,GO:0015031
b3544,GO:0015833
b3544,GO:0015886
b3544,GO:0035351
b3544,GO:0035442
b3544,GO:0042938
b3544,GO:0050918
b3544,GO:0055085
b3544,GO:0061077
b3544,GO:0016020
b3544,GO:0030288
b3544,GO:0042597
b3544,GO:0043190
b3544,GO:0055052
b3544,GO:0020037
b3544,GO:0042277
b3544,GO:0071916
b3544,GO:1904680
b3546,GO:0009103
b3546,GO:0009244
b3546,GO:0009245
b3546,GO:0005886
b3546,GO:0016020
b3546,GO:0016740
b3546,GO:0016772
b3546,GO:0043838
b3547,GO:0031669
b3547,GO:0055085
b3547,GO:0005886
b3547,GO:0016020
b3547,GO:0005515
b3547,GO:0022857
b3548,GO:0019867
b3549,GO:0006281
b3549,GO:0006284
b3549,GO:0006307
b3549,GO:0005515
b3549,GO:0008725
b3549,GO:0016787
b3549,GO:0046872
b3550,GO:0016746
b3550,GO:0016747
b3550,GO:0061733
b3551,GO:0009061
b3551,GO:0030288
b3551,GO:0009055
b3551,GO:0016491
b3551,GO:0030151
b3551,GO:0033744
b3551,GO:0043546
b3551,GO:0046872
b3552,GO:0005886
b3552,GO:0009279
b3552,GO:0019867
b3553,GO:0019521
b3553,GO:0046181
b3553,GO:0005737
b3553,GO:0005829
b3553,GO:0005886
b3553,GO:0005515
b3553,GO:0008465
b3553,GO:0008873
b3553,GO:0016491
b3553,GO:0016616
b3553,GO:0016618
b3553,GO:0030267
b3553,GO:0051287
b3553,GO:0120509
b3554,GO:0044403
b3555,GO:0003677
b3556,GO:0009409
b3556,GO:0010468
b3556,GO:0031564
b3556,GO:0045893
b3556,GO:0060567
b3556,GO:0005737
b3556,GO:0005829
b3556,GO:0001072
b3556,GO:0003676
b3556,GO:0003677
b3556,GO:0003697
b3556,GO:0003723
b3556,GO:0003727
b3557,GO:0043565
b3558,GO:0006310
b3558,GO:0006974
b3558,GO:0015074
b3558,GO:0032196
b3558,GO:0003676
b3558,GO:0003677
b3559,GO:0006412
b3559,GO:0006420
b3559,GO:0006426
b3559,GO:0005737
b3559,GO:0005829
b3559,GO:0009345
b3559,GO:0000049
b3559,GO:0004812
b3559,GO:0004814
b3559,GO:0004820
b3559,GO:0005515
b3559,GO:0005524
b3560,GO:0006412
b3560,GO:0006426
b3560,GO:0005737
b3560,GO:0005829
b3560,GO:0009345
b3560,GO:0004812
b3560,GO:0004820
b3560,GO:0005515
b3560,GO:0005524
b3561,GO:0009246
b3561,GO:0005886
b3561,GO:0016407
b3561,GO:0016413
b3561,GO:0016746
b3562,GO:0006974
b3562,GO:0005886
b3563,GO:0006974
b3563,GO:0005886
b3564,GO:0005997
b3564,GO:0005998
b3564,GO:0016310
b3564,GO:0042732
b3564,GO:0042843
b3564,GO:0046835
b3564,GO:0004856
b3564,GO:0005524
b3564,GO:0016301
b3564,GO:0042803
b3564,GO:0103020
b3565,GO:0005975
b3565,GO:0042732
b3565,GO:0042843
b3565,GO:0005737
b3565,GO:0000287
b3565,GO:0009045
b3565,GO:0016853
b3565,GO:0042803
b3565,GO:0046872
b3566,GO:0015752
b3566,GO:0015753
b3566,GO:0042732
b3566,GO:0016020
b3566,GO:0030288
b3566,GO:0042597
b3566,GO:0055052
b3566,GO:0030246
b3566,GO:0048029
b3567,GO:0015752
b3567,GO:0015753
b3567,GO:0042732
b3567,GO:0005886
b3567,GO:0016020
b3567,GO:0055052
b3567,GO:0005524
b3567,GO:0015148
b3567,GO:0015614
b3567,GO:0016887
b3568,GO:0015752
b3568,GO:0015753
b3568,GO:0042732
b3568,GO:0055085
b3568,GO:0005886
b3568,GO:0016020
b3568,GO:0043190
b3568,GO:0055052
b3568,GO:0022857
b3569,GO:0006355
b3569,GO:0000976
b3569,GO:0003677
b3569,GO:0003700
b3569,GO:0043565
b3570,GO:0004040
b3570,GO:0005524
b3571,GO:0009313
b3571,GO:0030980
b3571,GO:0030288
b3571,GO:0042597
b3571,GO:0004556
b3571,GO:0005509
b3571,GO:0016798
b3571,GO:0046872
b3572,GO:0009058
b3572,GO:0009099
b3572,GO:0030632
b3572,GO:0042852
b3572,GO:1901605
b3572,GO:0005737
b3572,GO:0005829
b3572,GO:0008483
b3572,GO:0009042
b3572,GO:0030170
b3573,GO:0005515
b3573,GO:0009055
b3573,GO:0046872
b3573,GO:0051539
b3576,GO:0009314
b3576,GO:0005829
b3577,GO:0015740
b3577,GO:0034219
b3577,GO:1900190
b3577,GO:1902075
b3577,GO:0005886
b3577,GO:0016020
b3577,GO:0031317
b3577,GO:0015144
b3577,GO:0022857
b3578,GO:0034219
b3578,GO:1900190
b3578,GO:1902075
b3578,GO:0005886
b3578,GO:0016020
b3578,GO:0031317
b3578,GO:0015144
b3578,GO:0022857
b3579,GO:0006974
b3579,GO:0008643
b3579,GO:0034219
b3579,GO:0055085
b3579,GO:1900190
b3579,GO:1902075
b3579,GO:0016020
b3579,GO:0030288
b3579,GO:0031317
b3579,GO:0042597
b3579,GO:0030246
b3581,GO:0006207
b3581,GO:0016052
b3581,GO:0019854
b3581,GO:0004590
b3581,GO:0005515
b3581,GO:0016831
b3581,GO:0033982
b3581,GO:0046872
b3582,GO:0005975
b3582,GO:0006281
b3582,GO:0019324
b3582,GO:0019852
b3582,GO:0003677
b3582,GO:0008270
b3582,GO:0016853
b3582,GO:0016861
b3582,GO:0034015
b3583,GO:0005996
b3583,GO:0019323
b3583,GO:0019324
b3583,GO:0019572
b3583,GO:0005829
b3583,GO:0003824
b3583,GO:0008270
b3583,GO:0008742
b3583,GO:0016832
b3583,GO:0016853
b3583,GO:0046872
b3584,GO:0009252
b3584,GO:0009279
b3585,GO:0006355
b3585,GO:0005829
b3585,GO:0003677
b3585,GO:0003700
b3586,GO:0055085
b3586,GO:0005886
b3587,GO:0005886
b3588,GO:0006974
b3588,GO:0045471
b3588,GO:0004029
b3588,GO:0016491
b3588,GO:0016620
b3588,GO:0033721
b3589,GO:0004022
b3589,GO:0008743
b3589,GO:0016491
b3589,GO:0016616
b3589,GO:0046872
b3590,GO:0001514
b3590,GO:0006412
b3590,GO:0016259
b3590,GO:0005737
b3590,GO:0000049
b3590,GO:0003723
b3590,GO:0003746
b3590,GO:0003924
b3590,GO:0005515
b3590,GO:0005525
b3590,GO:0019003
b3590,GO:0032561
b3590,GO:0035368
b3590,GO:0043168
b3591,GO:0001514
b3591,GO:0001717
b3591,GO:0006412
b3591,GO:0016260
b3591,GO:0005737
b3591,GO:0005829
b3591,GO:0003824
b3591,GO:0004125
b3591,GO:0005515
b3591,GO:0016740
b3591,GO:0030170
b3591,GO:0042802
b3592,GO:0006559
b3592,GO:0006749
b3592,GO:0005829
b3592,GO:0004364
b3592,GO:0016034
b3594,GO:0006974
b3594,GO:0009314
b3594,GO:0046677
b3594,GO:0016491
b3597,GO:0006974
b3597,GO:0005886
b3598,GO:0005886
b3599,GO:0009401
b3599,GO:0015795
b3599,GO:0015797
b3599,GO:0016310
b3599,GO:0005886
b3599,GO:0016020
b3599,GO:0005515
b3599,GO:0016301
b3599,GO:0022872
b3599,GO:0090563
b3599,GO:0090565
b3600,GO:0019592
b3600,GO:0019594
b3600,GO:0005829
b3600,GO:0008926
b3600,GO:0016491
b3600,GO:0016616
b3601,GO:0045892
b3601,GO:0005515
b3602,GO:0005737
b3602,GO:0005829
b3603,GO:0006974
b3603,GO:0015727
b3603,GO:0035873
b3603,GO:0097339
b3603,GO:1902600
b3603,GO:0005886
b3603,GO:0015129
b3603,GO:0015293
b3603,GO:0015295
b3603,GO:0043879
b3604,GO:0006355
b3604,GO:0006974
b3604,GO:0044010
b3604,GO:2000143
b3604,GO:2000144
b3604,GO:0000987
b3604,GO:0001216
b3604,GO:0001217
b3604,GO:0003677
b3604,GO:0003700
b3605,GO:0006089
b3605,GO:0009060
b3605,GO:0042355
b3605,GO:0005886
b3605,GO:0004457
b3605,GO:0004459
b3605,GO:0010181
b3605,GO:0016491
b3605,GO:0016614
b3606,GO:0001510
b3606,GO:0002131
b3606,GO:0002132
b3606,GO:0006396
b3606,GO:0008033
b3606,GO:0030488
b3606,GO:0032259
b3606,GO:0005737
b3606,GO:0003723
b3606,GO:0008168
b3606,GO:0008173
b3606,GO:0008175
b3606,GO:0008757
b3606,GO:0042803
b3606,GO:0141098
b3606,GO:0141102
b3607,GO:0006535
b3607,GO:0010165
b3607,GO:0019344
b3607,GO:0005737
b3607,GO:0005829
b3607,GO:0009333
b3607,GO:0005515
b3607,GO:0009001
b3607,GO:0016746
b3607,GO:0016747
b3608,GO:0005975
b3608,GO:0006072
b3608,GO:0006650
b3608,GO:0008654
b3608,GO:0046167
b3608,GO:0046168
b3608,GO:0046474
b3608,GO:0005737
b3608,GO:0005829
b3608,GO:0016491
b3608,GO:0016616
b3608,GO:0042803
b3608,GO:0047952
b3608,GO:0051287
b3609,GO:0006457
b3609,GO:0006605
b3609,GO:0008104
b3609,GO:0015031
b3609,GO:0036506
b3609,GO:0043952
b3609,GO:0051262
b3609,GO:0005737
b3609,GO:0005829
b3609,GO:0005515
b3609,GO:0051082
b3609,GO:0070678
b3610,GO:0009263
b3610,GO:0034599
b3610,GO:0045454
b3610,GO:0005737
b3610,GO:0005829
b3610,GO:0015035
b3610,GO:0015038
b3610,GO:0043295
b3611,GO:0005829
b3611,GO:0005886
b3613,GO:0000920
b3613,GO:0009273
b3613,GO:0009314
b3613,GO:0009410
b3613,GO:0051301
b3613,GO:0005886
b3613,GO:0030288
b3613,GO:0032153
b3613,GO:0042597
b3613,GO:0004222
b3613,GO:0005515
b3613,GO:0016787
b3614,GO:0005975
b3616,GO:0006564
b3616,GO:0006567
b3616,GO:0019518
b3616,GO:0005737
b3616,GO:0005829
b3616,GO:0008198
b3616,GO:0008270
b3616,GO:0008743
b3616,GO:0016491
b3616,GO:0016616
b3616,GO:0030145
b3616,GO:0046870
b3616,GO:0046872
b3617,GO:0006567
b3617,GO:0009058
b3617,GO:0019518
b3617,GO:0005737
b3617,GO:0005829
b3617,GO:0003824
b3617,GO:0008890
b3617,GO:0016746
b3617,GO:0016874
b3617,GO:0030170
b3617,GO:0046872
b3620,GO:0009103
b3620,GO:0009244
b3620,GO:0005829
b3620,GO:0008713
b3620,GO:0016757
b3621,GO:0009103
b3621,GO:0009244
b3621,GO:0005886
b3621,GO:0005515
b3621,GO:0008920
b3621,GO:0016757
b3622,GO:0009103
b3622,GO:0009244
b3622,GO:0005886
b3622,GO:0016757
b3623,GO:0009103
b3623,GO:0009244
b3623,GO:0005829
b3623,GO:0008713
b3623,GO:0008917
b3623,GO:0016757
b3623,GO:0071968
b3624,GO:0009103
b3624,GO:0009244
b3624,GO:0005737
b3624,GO:0005886
b3624,GO:0016740
b3625,GO:0009103
b3625,GO:0009244
b3625,GO:0016310
b3625,GO:0046835
b3625,GO:0005886
b3625,GO:0005524
b3625,GO:0016301
b3626,GO:0009103
b3626,GO:0009244
b3626,GO:0005886
b3626,GO:0008918
b3626,GO:0008919
b3626,GO:0016757
b3626,GO:0046872
b3627,GO:0009103
b3627,GO:0009244
b3627,GO:0008918
b3627,GO:0016757
b3627,GO:0046872
b3627,GO:0047270
b3628,GO:0009103
b3628,GO:0009244
b3628,GO:0005829
b3628,GO:0008921
b3628,GO:0016757
b3628,GO:0016758
b3629,GO:0009103
b3629,GO:0009244
b3629,GO:0005886
b3630,GO:0009103
b3630,GO:0009244
b3630,GO:0016310
b3630,GO:0046835
b3630,GO:0005524
b3630,GO:0016301
b3631,GO:0009103
b3631,GO:0009244
b3631,GO:0005886
b3631,GO:0008919
b3631,GO:0016757
b3631,GO:0016758
b3632,GO:0009103
b3632,GO:0009244
b3632,GO:0016757
b3632,GO:0071967
b3633,GO:0009103
b3633,GO:0009244
b3633,GO:0009245
b3633,GO:0036104
b3633,GO:0005886
b3633,GO:0016020
b3633,GO:0016740
b3633,GO:0016757
b3633,GO:0043842
b3634,GO:0015937
b3634,GO:0005737
b3634,GO:0004595
b3634,GO:0005515
b3634,GO:0005524
b3634,GO:0016779
b3634,GO:0042802
b3635,GO:0006281
b3635,GO:0006284
b3635,GO:0006974
b3635,GO:0005737
b3635,GO:0000703
b3635,GO:0003677
b3635,GO:0003684
b3635,GO:0003906
b3635,GO:0004519
b3635,GO:0008270
b3635,GO:0008534
b3635,GO:0016787
b3635,GO:0016798
b3635,GO:0016829
b3635,GO:0019104
b3635,GO:0034039
b3635,GO:0046872
b3635,GO:0140078
b3636,GO:0000027
b3636,GO:0002181
b3636,GO:0006412
b3636,GO:0046677
b3636,GO:0005737
b3636,GO:0005829
b3636,GO:0005840
b3636,GO:0022625
b3636,GO:1990904
b3636,GO:0000049
b3636,GO:0003735
b3637,GO:0000027
b3637,GO:0002181
b3637,GO:0006412
b3637,GO:0005737
b3637,GO:0005829
b3637,GO:0005840
b3637,GO:0022625
b3637,GO:1990904
b3637,GO:0003735
b3637,GO:0005515
b3637,GO:0019843
b3638,GO:0006508
b3638,GO:0008237
b3638,GO:0046872
b3640,GO:0006226
b3640,GO:0009117
b3640,GO:0046081
b3640,GO:0070207
b3640,GO:0005737
b3640,GO:0005829
b3640,GO:0032991
b3640,GO:0000287
b3640,GO:0004170
b3640,GO:0016787
b3640,GO:0042802
b3640,GO:0046872
b3641,GO:0000918
b3641,GO:0006355
b3641,GO:0010974
b3641,GO:0032272
b3641,GO:0051301
b3641,GO:0051302
b3641,GO:0005737
b3641,GO:0009295
b3641,GO:0043590
b3641,GO:0000976
b3641,GO:0003677
b3641,GO:0003700
b3641,GO:0005515
b3641,GO:0042802
b3641,GO:0042803
b3641,GO:0043565
b3642,GO:0006207
b3642,GO:0006221
b3642,GO:0044205
b3642,GO:0046132
b3642,GO:0055086
b3642,GO:0072528
b3642,GO:0005737
b3642,GO:0005829
b3642,GO:0000287
b3642,GO:0004588
b3642,GO:0016757
b3642,GO:0042803
b3644,GO:0006401
b3644,GO:0005829
b3644,GO:0004519
b3644,GO:0004521
b3644,GO:0005515
b3644,GO:0016891
b3645,GO:0006974
b3645,GO:0009432
b3646,GO:0005886
b3647,GO:0006259
b3647,GO:0006260
b3647,GO:0006266
b3647,GO:0006281
b3647,GO:0051103
b3647,GO:0003911
b3647,GO:0016874
b3648,GO:0006163
b3648,GO:0016310
b3648,GO:0046037
b3648,GO:0046710
b3648,GO:0005737
b3648,GO:0005829
b3648,GO:0004385
b3648,GO:0005524
b3648,GO:0016301
b3648,GO:0042802
b3649,GO:0006351
b3649,GO:0006352
b3649,GO:0006879
b3649,GO:0009408
b3649,GO:0031564
b3649,GO:0032784
b3649,GO:0036460
b3649,GO:0042128
b3649,GO:0044780
b3649,GO:0048870
b3649,GO:0065003
b3649,GO:0071973
b3649,GO:0090605
b3649,GO:2000142
b3649,GO:0000345
b3649,GO:0000428
b3649,GO:0005829
b3649,GO:0030880
b3649,GO:0001000
b3649,GO:0003677
b3649,GO:0003899
b3649,GO:0016779
b3649,GO:0034062
b3650,GO:0015949
b3650,GO:0015969
b3650,GO:0015970
b3650,GO:0016310
b3650,GO:0042594
b3650,GO:0005737
b3650,GO:0005829
b3650,GO:0005515
b3650,GO:0008728
b3650,GO:0008893
b3650,GO:0016301
b3650,GO:0016787
b3651,GO:0002938
b3651,GO:0008033
b3651,GO:0030488
b3651,GO:0032259
b3651,GO:0000049
b3651,GO:0003723
b3651,GO:0008168
b3651,GO:0141100
b3652,GO:0006281
b3652,GO:0006310
b3652,GO:0009314
b3652,GO:0032508
b3652,GO:0071932
b3652,GO:0005829
b3652,GO:0009379
b3652,GO:0003676
b3652,GO:0003677
b3652,GO:0003678
b3652,GO:0004386
b3652,GO:0005515
b3652,GO:0005524
b3652,GO:0016787
b3652,GO:0016887
b3653,GO:0006814
b3653,GO:0006865
b3653,GO:0015813
b3653,GO:0055085
b3653,GO:0005886
b3653,GO:0016020
b3653,GO:0015293
b3653,GO:0015501
b3654,GO:0042906
b3654,GO:0055085
b3654,GO:0005886
b3654,GO:0016020
b3654,GO:0015205
b3654,GO:0022857
b3654,GO:0042907
b3655,GO:0005886
b3656,GO:0005975
b3656,GO:0003824
b3656,GO:0004553
b3656,GO:0016798
b3656,GO:0030246
b3656,GO:0042802
b3656,GO:0061634
b3656,GO:0080176
b3657,GO:0006814
b3657,GO:0008643
b3657,GO:0055085
b3657,GO:0005886
b3657,GO:0016020
b3657,GO:0015293
b3659,GO:0008643
b3659,GO:0015767
b3659,GO:0034219
b3659,GO:0036448
b3659,GO:0055085
b3659,GO:1902600
b3659,GO:1904659
b3659,GO:0005886
b3659,GO:0016020
b3659,GO:0005351
b3660,GO:0005886
b3660,GO:0016020
b3661,GO:0015821
b3661,GO:0005886
b3662,GO:0015860
b3662,GO:0055085
b3662,GO:0005886
b3662,GO:0016020
b3662,GO:0015211
b3662,GO:0015297
b3662,GO:0022857
b3664,GO:0015853
b3664,GO:0055085
b3664,GO:1904823
b3664,GO:0005886
b3664,GO:0016020
b3664,GO:0015205
b3664,GO:0015207
b3666,GO:0006817
b3666,GO:0015712
b3666,GO:0015760
b3666,GO:0035435
b3666,GO:0055085
b3666,GO:0005886
b3666,GO:0016020
b3666,GO:0015526
b3666,GO:0022857
b3666,GO:0061513
b3667,GO:0000160
b3667,GO:0015760
b3667,GO:0035435
b3667,GO:0055085
b3667,GO:0005886
b3667,GO:0016020
b3667,GO:0022857
b3667,GO:0061513
b3668,GO:0000160
b3668,GO:0007165
b3668,GO:0016310
b3668,GO:0018106
b3668,GO:0005886
b3668,GO:0016020
b3668,GO:0000155
b3668,GO:0004672
b3668,GO:0004673
b3668,GO:0004721
b3668,GO:0005524
b3668,GO:0016301
b3668,GO:0046983
b3669,GO:0000160
b3669,GO:0006355
b3669,GO:0005737
b3669,GO:0003677
b3670,GO:0008652
b3670,GO:0009082
b3670,GO:0009097
b3670,GO:0009099
b3670,GO:0005829
b3670,GO:0005948
b3670,GO:0003984
b3670,GO:0005515
b3670,GO:0016740
b3670,GO:1990610
b3671,GO:0008652
b3671,GO:0009082
b3671,GO:0009097
b3671,GO:0009099
b3671,GO:0005948
b3671,GO:0000287
b3671,GO:0003984
b3671,GO:0005515
b3671,GO:0016740
b3671,GO:0030976
b3671,GO:0046872
b3671,GO:0050660
b3672,GO:0008652
b3672,GO:0009082
b3672,GO:0009099
b3673,GO:0042908
b3673,GO:0055085
b3673,GO:1990961
b3673,GO:0005886
b3673,GO:0016020
b3673,GO:0022857
b3673,GO:0042910
b3674,GO:0016491
b3675,GO:0005886
b3676,GO:0006979
b3676,GO:0005886
b3677,GO:0005886
b3678,GO:0004065
b3678,GO:0016787
b3678,GO:0046872
b3679,GO:0006012
b3679,GO:0006814
b3679,GO:0055085
b3679,GO:1904659
b3679,GO:0005886
b3679,GO:0016020
b3679,GO:0005412
b3679,GO:0015293
b3679,GO:0022857
b3680,GO:0006355
b3680,GO:0003677
b3680,GO:0003700
b3680,GO:0043565
b3684,GO:0006355
b3684,GO:0045892
b3684,GO:0003677
b3684,GO:0003700
b3685,GO:0006813
b3685,GO:0055085
b3685,GO:0098655
b3685,GO:0005886
b3685,GO:0008324
b3685,GO:0022857
b3686,GO:0009408
b3686,GO:0050821
b3686,GO:1990169
b3686,GO:0005737
b3686,GO:0005515
b3686,GO:0042802
b3687,GO:0009408
b3687,GO:0017148
b3687,GO:0050821
b3687,GO:0005737
b3687,GO:0005829
b3687,GO:0005515
b3687,GO:0042802
b3687,GO:0042803
b3687,GO:0048027
b3688,GO:0006974
b3688,GO:0009279
b3689,GO:0046397
b3690,GO:0030153
b3690,GO:0050660
b3690,GO:0071949
b3691,GO:0034194
b3691,GO:0042875
b3691,GO:0055085
b3691,GO:1902600
b3691,GO:0005886
b3691,GO:0015293
b3691,GO:0015295
b3691,GO:0022857
b3691,GO:0042881
b3693,GO:0016310
b3693,GO:0034194
b3693,GO:0046835
b3693,GO:0005524
b3693,GO:0008671
b3693,GO:0016301
b3696,GO:0005886
b3696,GO:0016020
b3697,GO:0005829
b3697,GO:0000287
b3697,GO:0016787
b3697,GO:0016791
b3697,GO:0046872
b3697,GO:0050308
b3699,GO:0006261
b3699,GO:0006265
b3699,GO:0006351
b3699,GO:0009410
b3699,GO:0046677
b3699,GO:0051276
b3699,GO:0005694
b3699,GO:0005737
b3699,GO:0005829
b3699,GO:0009330
b3699,GO:0003677
b3699,GO:0003916
b3699,GO:0003918
b3699,GO:0005515
b3699,GO:0005524
b3699,GO:0008094
b3699,GO:0034335
b3699,GO:0046872
b3700,GO:0000725
b3700,GO:0000731
b3700,GO:0006260
b3700,GO:0006281
b3700,GO:0006302
b3700,GO:0009411
b3700,GO:0009432
b3700,GO:0005737
b3700,GO:0003677
b3700,GO:0003697
b3700,GO:0005515
b3700,GO:0005524
b3701,GO:0006260
b3701,GO:0006261
b3701,GO:0006271
b3701,GO:0006974
b3701,GO:0030174
b3701,GO:0032297
b3701,GO:0042276
b3701,GO:0044787
b3701,GO:0005737
b3701,GO:0005829
b3701,GO:0009360
b3701,GO:0030894
b3701,GO:1990078
b3701,GO:1990085
b3701,GO:0003677
b3701,GO:0003887
b3701,GO:0005515
b3701,GO:0008408
b3701,GO:0042802
b3701,GO:0042803
b3702,GO:0006260
b3702,GO:0006268
b3702,GO:0006270
b3702,GO:0006275
b3702,GO:0008156
b3702,GO:0030174
b3702,GO:0032297
b3702,GO:0032298
b3702,GO:0005737
b3702,GO:0005829
b3702,GO:0005886
b3702,GO:0009898
b3702,GO:1990078
b3702,GO:1990082
b3702,GO:1990084
b3702,GO:1990101
b3702,GO:1990102
b3702,GO:1990103
b3702,GO:0003677
b3702,GO:0003688
b3702,GO:0005515
b3702,GO:0005524
b3702,GO:0016887
b3702,GO:0042802
b3702,GO:0043565
b3703,GO:0002181
b3703,GO:0006412
b3703,GO:0005737
b3703,GO:0005840
b3703,GO:0022625
b3703,GO:1990904
b3703,GO:0003735
b3703,GO:0005515
b3704,GO:0001682
b3704,GO:0006396
b3704,GO:0008033
b3704,GO:0042780
b3704,GO:0030677
b3704,GO:0000049
b3704,GO:0003723
b3704,GO:0004519
b3704,GO:0004526
b3704,GO:0042781
b3705,GO:0006457
b3705,GO:0015031
b3705,GO:0032978
b3705,GO:0043952
b3705,GO:0051205
b3705,GO:0065003
b3705,GO:0005886
b3705,GO:0016020
b3705,GO:0031522
b3705,GO:0005515
b3705,GO:0032977
b3706,GO:0002098
b3706,GO:0002926
b3706,GO:0006400
b3706,GO:0008033
b3706,GO:0009268
b3706,GO:0030488
b3706,GO:0061077
b3706,GO:0140018
b3706,GO:0002144
b3706,GO:0005737
b3706,GO:0005829
b3706,GO:0005886
b3706,GO:0003924
b3706,GO:0005515
b3706,GO:0005525
b3706,GO:0016787
b3706,GO:0019003
b3706,GO:0030955
b3706,GO:0042802
b3706,GO:0042803
b3706,GO:0046872
b3707,GO:0006569
b3707,GO:0031556
b3707,GO:0090358
b3707,GO:0019843
b3708,GO:0006568
b3708,GO:0006569
b3708,GO:0042431
b3708,GO:0005737
b3708,GO:0005829
b3708,GO:0016020
b3708,GO:0032991
b3708,GO:0060187
b3708,GO:0003824
b3708,GO:0005515
b3708,GO:0009034
b3708,GO:0016829
b3708,GO:0030170
b3708,GO:0030955
b3708,GO:0042802
b3708,GO:0080146
b3709,GO:0003333
b3709,GO:0006569
b3709,GO:0006865
b3709,GO:0015801
b3709,GO:0005886
b3709,GO:0015173
b3709,GO:0015293
b3710,GO:0046677
b3710,GO:0055085
b3710,GO:1990961
b3710,GO:0005886
b3710,GO:0016020
b3710,GO:0022857
b3711,GO:0006351
b3711,GO:0006355
b3711,GO:0003677
b3711,GO:0003700
b3712,GO:0019878
b3712,GO:0005829
b3712,GO:0000287
b3712,GO:0008897
b3714,GO:0015853
b3714,GO:0055085
b3714,GO:1902600
b3714,GO:1904823
b3714,GO:0005886
b3714,GO:0016020
b3714,GO:0015205
b3714,GO:0015207
b3714,GO:0015295
b3715,GO:0000287
b3715,GO:0016787
b3715,GO:0016791
b3715,GO:0030145
b3715,GO:0046872
b3716,GO:0005886
b3717,GO:0030153
b3718,GO:0005975
b3718,GO:0006043
b3718,GO:0006044
b3718,GO:0006046
b3718,GO:0019262
b3718,GO:0005737
b3718,GO:0005829
b3718,GO:0004342
b3718,GO:0042802
b3719,GO:0005975
b3719,GO:0004553
b3719,GO:0016747
b3720,GO:0006811
b3720,GO:0015774
b3720,GO:0034219
b3720,GO:0009279
b3720,GO:0016020
b3720,GO:0046930
b3720,GO:0015144
b3720,GO:0015288
b3721,GO:0005975
b3721,GO:0016052
b3721,GO:0005829
b3721,GO:0004553
b3721,GO:0008422
b3721,GO:0008706
b3721,GO:0016798
b3722,GO:0009401
b3722,GO:0015771
b3722,GO:0016310
b3722,GO:0005886
b3722,GO:0008982
b3722,GO:0016301
b3722,GO:0090589
b3723,GO:0045893
b3723,GO:0003723
b3723,GO:0005515
b3724,GO:0001558
b3724,GO:0006817
b3724,GO:0009267
b3724,GO:0010629
b3724,GO:0016036
b3724,GO:0030643
b3724,GO:0034605
b3724,GO:0045936
b3724,GO:0071236
b3724,GO:0071467
b3724,GO:2000186
b3724,GO:0005737
b3724,GO:0000287
b3724,GO:0005515
b3724,GO:0030145
b3724,GO:0042803
b3725,GO:0006817
b3725,GO:0035435
b3725,GO:0098656
b3725,GO:0005886
b3725,GO:0016020
b3725,GO:0055052
b3725,GO:0005315
b3725,GO:0005515
b3725,GO:0005524
b3725,GO:0015415
b3725,GO:0016887
b3726,GO:0006817
b3726,GO:0006974
b3726,GO:0035435
b3726,GO:0005886
b3726,GO:0016020
b3726,GO:0055052
b3726,GO:0005315
b3727,GO:0006817
b3727,GO:0009314
b3727,GO:0035435
b3727,GO:0055085
b3727,GO:0005886
b3727,GO:0016020
b3727,GO:0055052
b3727,GO:0005315
b3728,GO:0006817
b3728,GO:0006974
b3728,GO:0009314
b3728,GO:0035435
b3728,GO:0016020
b3728,GO:0030288
b3728,GO:0042597
b3728,GO:0043190
b3728,GO:0055052
b3728,GO:0042301
b3729,GO:0005975
b3729,GO:0006002
b3729,GO:0006047
b3729,GO:0006048
b3729,GO:0006487
b3729,GO:0006541
b3729,GO:1901137
b3729,GO:0005737
b3729,GO:0005829
b3729,GO:0004360
b3729,GO:0005515
b3729,GO:0008483
b3729,GO:0097367
b3730,GO:0000902
b3730,GO:0006048
b3730,GO:0008360
b3730,GO:0009245
b3730,GO:0009252
b3730,GO:0071555
b3730,GO:0005737
b3730,GO:0005829
b3730,GO:0000287
b3730,GO:0003977
b3730,GO:0005515
b3730,GO:0016746
b3730,GO:0016747
b3730,GO:0016779
b3730,GO:0019134
b3730,GO:0042802
b3730,GO:0046872
b3731,GO:0006754
b3731,GO:0015986
b3731,GO:0042777
b3731,GO:1902600
b3731,GO:0005886
b3731,GO:0045259
b3731,GO:0045261
b3731,GO:0005515
b3731,GO:0005524
b3731,GO:0046933
b3732,GO:0006754
b3732,GO:0015986
b3732,GO:0042777
b3732,GO:1902600
b3732,GO:0005886
b3732,GO:0016020
b3732,GO:0045259
b3732,GO:0045261
b3732,GO:0005515
b3732,GO:0005524
b3732,GO:0016887
b3732,GO:0046933
b3732,GO:0046961
b3733,GO:0006754
b3733,GO:0015986
b3733,GO:0042777
b3733,GO:1902600
b3733,GO:0005886
b3733,GO:0016020
b3733,GO:0045259
b3733,GO:0045261
b3733,GO:0005515
b3733,GO:0005524
b3733,GO:0046933
b3733,GO:0046961
b3734,GO:0006754
b3734,GO:0015986
b3734,GO:0042777
b3734,GO:1902600
b3734,GO:0005886
b3734,GO:0016020
b3734,GO:0045259
b3734,GO:0045261
b3734,GO:0005515
b3734,GO:0005524
b3734,GO:0043531
b3734,GO:0046933
b3734,GO:0046961
b3735,GO:0006754
b3735,GO:0015986
b3735,GO:0042777
b3735,GO:1902600
b3735,GO:0005886
b3735,GO:0016020
b3735,GO:0045259
b3735,GO:0045261
b3735,GO:0046933
b3735,GO:0046961
b3736,GO:0006754
b3736,GO:0015986
b3736,GO:0042777
b3736,GO:1902600
b3736,GO:0005886
b3736,GO:0045259
b3736,GO:0045263
b3736,GO:0015078
b3736,GO:0046933
b3736,GO:0046961
b3737,GO:0006754
b3737,GO:0015986
b3737,GO:0042777
b3737,GO:1902600
b3737,GO:0005886
b3737,GO:0045259
b3737,GO:0045263
b3737,GO:0008289
b3737,GO:0015078
b3737,GO:0046933
b3737,GO:0046961
b3738,GO:0006754
b3738,GO:0015986
b3738,GO:0042777
b3738,GO:1902600
b3738,GO:0005886
b3738,GO:0045259
b3738,GO:0045263
b3738,GO:0015078
b3738,GO:0046933
b3738,GO:0046961
b3739,GO:1902600
b3739,GO:0005886
b3739,GO:0045263
b3740,GO:0006364
b3740,GO:0032259
b3740,GO:0070475
b3740,GO:0070476
b3740,GO:0005737
b3740,GO:0005829
b3740,GO:0008168
b3740,GO:0008649
b3740,GO:0070043
b3741,GO:0002098
b3741,GO:0002926
b3741,GO:0008033
b3741,GO:0009411
b3741,GO:0030488
b3741,GO:0140018
b3741,GO:0002144
b3741,GO:0005737
b3741,GO:0005829
b3741,GO:0005515
b3741,GO:0042803
b3741,GO:0050660
b3742,GO:0051302
b3742,GO:0005829
b3742,GO:0010181
b3743,GO:0043200
b3743,GO:0045892
b3743,GO:0045893
b3743,GO:0003677
b3743,GO:0003700
b3743,GO:0005515
b3743,GO:0042802
b3743,GO:0043565
b3744,GO:0006529
b3744,GO:0006974
b3744,GO:0070981
b3744,GO:0005737
b3744,GO:0005829
b3744,GO:0004071
b3744,GO:0005524
b3744,GO:0016874
b3744,GO:0042802
b3744,GO:0042803
b3745,GO:0005829
b3745,GO:0016020
b3745,GO:0005515
b3746,GO:0005737
b3746,GO:0005829
b3746,GO:0005515
b3746,GO:0005524
b3746,GO:0016787
b3746,GO:0016887
b3746,GO:0042802
b3747,GO:0006813
b3747,GO:0071278
b3747,GO:0071805
b3747,GO:0005886
b3747,GO:0016020
b3747,GO:0015079
b3747,GO:0015293
b3747,GO:0015387
b3748,GO:0005996
b3748,GO:0019303
b3748,GO:0005737
b3748,GO:0005829
b3748,GO:0016853
b3748,GO:0016866
b3748,GO:0016872
b3748,GO:0042802
b3748,GO:0048029
b3748,GO:0062193
b3749,GO:0015752
b3749,GO:0005886
b3749,GO:0016020
b3749,GO:0043190
b3749,GO:0055052
b3749,GO:0005515
b3749,GO:0005524
b3749,GO:0015407
b3749,GO:0015591
b3749,GO:0015611
b3749,GO:0016887
b3750,GO:0015752
b3750,GO:0055085
b3750,GO:0005886
b3750,GO:0016020
b3750,GO:0043190
b3750,GO:0055052
b3750,GO:0005515
b3750,GO:0015591
b3750,GO:0022857
b3751,GO:0006935
b3751,GO:0015752
b3751,GO:0050918
b3751,GO:0016020
b3751,GO:0030288
b3751,GO:0042597
b3751,GO:0055052
b3751,GO:0005515
b3751,GO:0030246
b3751,GO:0048029
b3752,GO:0006014
b3752,GO:0016310
b3752,GO:0019303
b3752,GO:0046835
b3752,GO:0005737
b3752,GO:0005829
b3752,GO:0004747
b3752,GO:0005524
b3752,GO:0016301
b3752,GO:0042803
b3752,GO:0046872
b3753,GO:0006355
b3753,GO:0045893
b3753,GO:0000976
b3753,GO:0000987
b3753,GO:0001216
b3753,GO:0003677
b3753,GO:0003700
b3753,GO:0005515
b3754,GO:0055085
b3754,GO:0005886
b3754,GO:0016020
b3754,GO:0022857
b3755,GO:0006355
b3755,GO:0005829
b3755,GO:0003677
b3755,GO:0003700
b3765,GO:0004176
b3765,GO:0005524
b3765,GO:0016887
b3766,GO:0008652
b3766,GO:0009082
b3766,GO:0031555
b3769,GO:0008652
b3769,GO:0009082
b3769,GO:0009097
b3769,GO:0009099
b3769,GO:0005948
b3769,GO:0003984
b3769,GO:0005515
b3769,GO:0016740
b3770,GO:0006532
b3770,GO:0008652
b3770,GO:0009081
b3770,GO:0009082
b3770,GO:0009097
b3770,GO:0009098
b3770,GO:0009099
b3770,GO:0046394
b3770,GO:0005829
b3770,GO:0004084
b3770,GO:0008483
b3770,GO:0042802
b3770,GO:0052654
b3770,GO:0052655
b3770,GO:0052656
b3771,GO:0008652
b3771,GO:0009082
b3771,GO:0009097
b3771,GO:0009099
b3771,GO:0005829
b3771,GO:0000287
b3771,GO:0004160
b3771,GO:0016829
b3771,GO:0016836
b3771,GO:0046872
b3771,GO:0051536
b3771,GO:0051537
b3771,GO:0051539
b3772,GO:0006565
b3772,GO:0006566
b3772,GO:0006567
b3772,GO:0009082
b3772,GO:0009097
b3772,GO:0003941
b3772,GO:0004794
b3772,GO:0016597
b3772,GO:0016829
b3772,GO:0030170
b3773,GO:0006355
b3773,GO:0008652
b3773,GO:0009082
b3773,GO:0005737
b3773,GO:0000976
b3773,GO:0003677
b3773,GO:0003700
b3774,GO:0008652
b3774,GO:0009082
b3774,GO:0009097
b3774,GO:0009099
b3774,GO:0015940
b3774,GO:0005737
b3774,GO:0005829
b3774,GO:0032991
b3774,GO:0000287
b3774,GO:0004455
b3774,GO:0008677
b3774,GO:0016491
b3774,GO:0016616
b3774,GO:0042802
b3774,GO:0046872
b3774,GO:0050661
b3775,GO:0005737
b3775,GO:0003755
b3775,GO:0005515
b3778,GO:0000725
b3778,GO:0006260
b3778,GO:0006268
b3778,GO:0006269
b3778,GO:0009314
b3778,GO:0031297
b3778,GO:0044787
b3778,GO:0005829
b3778,GO:0043600
b3778,GO:1990077
b3778,GO:1990160
b3778,GO:0003677
b3778,GO:0003678
b3778,GO:0003697
b3778,GO:0004386
b3778,GO:0005515
b3778,GO:0005524
b3778,GO:0016787
b3778,GO:0016853
b3778,GO:0016887
b3778,GO:0042803
b3778,GO:0043138
b3780,GO:0006396
b3780,GO:0006401
b3780,GO:0005737
b3780,GO:0005829
b3780,GO:0016020
b3780,GO:1990061
b3780,GO:0003676
b3780,GO:0003723
b3780,GO:0003724
b3780,GO:0004386
b3780,GO:0005515
b3780,GO:0005524
b3780,GO:0016787
b3780,GO:0016887
b3780,GO:0042803
b3780,GO:0097718
b3781,GO:0045454
b3781,GO:0005737
b3781,GO:0005829
b3781,GO:0005515
b3781,GO:0015035
b3781,GO:0015036
b3781,GO:0030337
b3783,GO:0006353
b3783,GO:0005829
b3783,GO:0016020
b3783,GO:0003723
b3783,GO:0004386
b3783,GO:0005515
b3783,GO:0005524
b3783,GO:0008186
b3783,GO:0016787
b3783,GO:0016887
b3783,GO:0042802
b3785,GO:0009246
b3785,GO:0005886
b3785,GO:0016020
b3785,GO:0004713
b3786,GO:0009246
b3786,GO:0005737
b3786,GO:0005829
b3786,GO:0003824
b3786,GO:0008761
b3786,GO:0016853
b3786,GO:0042803
b3787,GO:0009246
b3787,GO:0005829
b3787,GO:0016491
b3787,GO:0016616
b3787,GO:0016628
b3787,GO:0042803
b3787,GO:0051287
b3787,GO:0089714
b3788,GO:0009103
b3788,GO:0009225
b3788,GO:0009246
b3788,GO:0045226
b3788,GO:0008460
b3788,GO:0016829
b3789,GO:0000271
b3789,GO:0009243
b3789,GO:0009246
b3789,GO:0045226
b3789,GO:0005829
b3789,GO:0000287
b3789,GO:0008879
b3789,GO:0016779
b3789,GO:0042802
b3789,GO:0046872
b3791,GO:0000271
b3791,GO:0009246
b3791,GO:0003824
b3791,GO:0016740
b3791,GO:0019180
b3791,GO:0030170
b3791,GO:0042802
b3792,GO:0009246
b3792,GO:0034204
b3792,GO:0005886
b3792,GO:0140303
b3793,GO:0009246
b3793,GO:0005886
b3793,GO:0016020
b3793,GO:0030247
b3795,GO:0006865
b3795,GO:0015825
b3795,GO:0015826
b3795,GO:0055085
b3795,GO:0005886
b3795,GO:0016020
b3795,GO:0015194
b3795,GO:0015195
b3800,GO:0051604
b3800,GO:0016491
b3800,GO:0046872
b3800,GO:0051539
b3801,GO:0042597
b3801,GO:0004065
b3801,GO:0016787
b3801,GO:0046872
b3802,GO:0006779
b3802,GO:0042168
b3802,GO:0005886
b3802,GO:0016020
b3803,GO:0005886
b3803,GO:0005515
b3804,GO:0006779
b3804,GO:0006780
b3804,GO:0006782
b3804,GO:0004852
b3804,GO:0016829
b3805,GO:0006779
b3805,GO:0006782
b3805,GO:0006783
b3805,GO:0018160
b3805,GO:0033014
b3805,GO:0005737
b3805,GO:0005829
b3805,GO:0004418
b3805,GO:0016740
b3806,GO:0006171
b3806,GO:0005737
b3806,GO:0004016
b3806,GO:0005515
b3806,GO:0005524
b3806,GO:0016829
b3807,GO:0016226
b3807,GO:0005737
b3807,GO:0005829
b3807,GO:0005506
b3807,GO:0005515
b3807,GO:0008198
b3807,GO:0008199
b3807,GO:0046872
b3809,GO:0009085
b3809,GO:0009089
b3809,GO:0005737
b3809,GO:0005829
b3809,GO:0005515
b3809,GO:0008047
b3809,GO:0008837
b3809,GO:0016853
b3809,GO:0042803
b3811,GO:0006276
b3811,GO:0006310
b3811,GO:0006313
b3811,GO:0007059
b3811,GO:0015074
b3811,GO:0042150
b3811,GO:0051301
b3811,GO:0071139
b3811,GO:0005737
b3811,GO:0048476
b3811,GO:0003677
b3811,GO:0005515
b3811,GO:0009009
b3811,GO:0009037
b3812,GO:0009231
b3812,GO:0022611
b3812,GO:0044283
b3812,GO:0000287
b3812,GO:0016787
b3812,GO:0016791
b3812,GO:0043726
b3812,GO:0046872
b3813,GO:0000717
b3813,GO:0000725
b3813,GO:0006260
b3813,GO:0006268
b3813,GO:0006281
b3813,GO:0006289
b3813,GO:0006298
b3813,GO:0009314
b3813,GO:0009432
b3813,GO:0031297
b3813,GO:0032508
b3813,GO:0070581
b3813,GO:0070716
b3813,GO:0005737
b3813,GO:0005829
b3813,GO:0017117
b3813,GO:0033202
b3813,GO:0003677
b3813,GO:0003678
b3813,GO:0004386
b3813,GO:0005515
b3813,GO:0005524
b3813,GO:0015616
b3813,GO:0016787
b3813,GO:0016853
b3813,GO:0016887
b3813,GO:0017116
b3813,GO:0042803
b3813,GO:0043138
b3816,GO:0006811
b3816,GO:0006824
b3816,GO:0015693
b3816,GO:0035444
b3816,GO:1903830
b3816,GO:0005886
b3816,GO:0016020
b3816,GO:0015087
b3816,GO:0015095
b3816,GO:0015099
b3817,GO:0005886
b3818,GO:0005886
b3819,GO:0005886
b3819,GO:0016020
b3820,GO:0006629
b3820,GO:0032787
b3820,GO:0005737
b3820,GO:0005829
b3820,GO:0016289
b3820,GO:0016787
b3821,GO:0006629
b3821,GO:0016042
b3821,GO:0046471
b3821,GO:0009279
b3821,GO:0016020
b3821,GO:0004620
b3821,GO:0004622
b3821,GO:0004623
b3821,GO:0005509
b3821,GO:0008970
b3821,GO:0016787
b3821,GO:0042803
b3821,GO:0046872
b3821,GO:0052739
b3822,GO:0006260
b3822,GO:0006281
b3822,GO:0006310
b3822,GO:0006974
b3822,GO:0009432
b3822,GO:0032508
b3822,GO:0044806
b3822,GO:0005694
b3822,GO:0005737
b3822,GO:0017117
b3822,GO:0030894
b3822,GO:0043590
b3822,GO:0003676
b3822,GO:0003677
b3822,GO:0003678
b3822,GO:0004386
b3822,GO:0005524
b3822,GO:0008094
b3822,GO:0008270
b3822,GO:0009378
b3822,GO:0016787
b3822,GO:0016853
b3822,GO:0016887
b3822,GO:0017116
b3822,GO:0043138
b3822,GO:0046872
b3822,GO:0046914
b3823,GO:0003333
b3823,GO:0006865
b3823,GO:0015826
b3823,GO:0005886
b3823,GO:0016020
b3823,GO:0015171
b3823,GO:0015565
b3824,GO:0006865
b3824,GO:0015826
b3824,GO:0042968
b3824,GO:0005886
b3824,GO:0016020
b3824,GO:0015565
b3824,GO:0042970
b3825,GO:0006629
b3825,GO:0006650
b3825,GO:0005886
b3825,GO:0016020
b3825,GO:0004622
b3825,GO:0005515
b3825,GO:0016747
b3825,GO:0016787
b3826,GO:0006950
b3826,GO:0005829
b3826,GO:0000287
b3826,GO:0016787
b3826,GO:0016791
b3826,GO:0033883
b3826,GO:0046872
b3826,GO:0050308
b3827,GO:0005886
b3827,GO:0016020
b3828,GO:0006355
b3828,GO:0009086
b3828,GO:0005737
b3828,GO:0000976
b3828,GO:0003677
b3828,GO:0003700
b3828,GO:0016597
b3829,GO:0009086
b3829,GO:0032259
b3829,GO:0035999
b3829,GO:0050667
b3829,GO:0005829
b3829,GO:0003871
b3829,GO:0005515
b3829,GO:0008168
b3829,GO:0008270
b3829,GO:0008705
b3829,GO:0046872
b3830,GO:0008806
b3830,GO:0016787
b3831,GO:0006218
b3831,GO:0006974
b3831,GO:0009116
b3831,GO:0009164
b3831,GO:0009166
b3831,GO:0044206
b3831,GO:0046050
b3831,GO:0005737
b3831,GO:0005829
b3831,GO:0032991
b3831,GO:0004850
b3831,GO:0005524
b3831,GO:0016757
b3831,GO:0030955
b3831,GO:0042802
b3831,GO:0047847
b3832,GO:0006310
b3832,GO:0005886
b3833,GO:0006744
b3833,GO:0009060
b3833,GO:0009234
b3833,GO:0032259
b3833,GO:0005737
b3833,GO:0110142
b3833,GO:0005515
b3833,GO:0008168
b3833,GO:0008425
b3833,GO:0043770
b3834,GO:0006744
b3834,GO:0032150
b3834,GO:0005737
b3834,GO:0110142
b3834,GO:0005515
b3834,GO:0042802
b3835,GO:0006744
b3835,GO:0010795
b3835,GO:0016310
b3835,GO:0005886
b3835,GO:0004672
b3835,GO:0005524
b3835,GO:0016301
b3836,GO:0015031
b3836,GO:0043953
b3836,GO:0065002
b3836,GO:0005829
b3836,GO:0005886
b3836,GO:0016020
b3836,GO:0033281
b3836,GO:0005515
b3836,GO:0008289
b3836,GO:0008320
b3836,GO:0009977
b3836,GO:0042802
b3838,GO:0015031
b3838,GO:0043953
b3838,GO:0065002
b3838,GO:0005886
b3838,GO:0016020
b3838,GO:0033281
b3838,GO:0005515
b3838,GO:0008320
b3838,GO:0009977
b3838,GO:0042802
b3838,GO:0042803
b3839,GO:0009314
b3839,GO:0015031
b3839,GO:0043953
b3839,GO:0065002
b3839,GO:0005886
b3839,GO:0016020
b3839,GO:0033281
b3839,GO:0005515
b3839,GO:0008320
b3839,GO:0009977
b3839,GO:0042802
b3842,GO:0006354
b3842,GO:0006355
b3842,GO:0031564
b3842,GO:0045727
b3842,GO:0140673
b3842,GO:0005829
b3842,GO:0001000
b3842,GO:0001073
b3842,GO:0003677
b3842,GO:0005515
b3842,GO:0008494
b3842,GO:0061980
b3843,GO:0006744
b3843,GO:0032150
b3843,GO:0034214
b3843,GO:0005737
b3843,GO:0005829
b3843,GO:0005886
b3843,GO:0008694
b3843,GO:0016831
b3843,GO:0030145
b3843,GO:0042802
b3843,GO:0046872
b3843,GO:0120233
b3844,GO:0006826
b3844,GO:0006979
b3844,GO:0030091
b3844,GO:0005829
b3844,GO:0005515
b3844,GO:0008047
b3844,GO:0016491
b3844,GO:0042602
b3844,GO:0052875
b3845,GO:0006631
b3845,GO:0006635
b3845,GO:0009062
b3845,GO:0010124
b3845,GO:0016042
b3845,GO:0044281
b3845,GO:0005737
b3845,GO:0036125
b3845,GO:0003988
b3845,GO:0005515
b3845,GO:0016746
b3845,GO:0016747
b3846,GO:0006631
b3846,GO:0006635
b3846,GO:0009056
b3846,GO:0009062
b3846,GO:0016042
b3846,GO:0036125
b3846,GO:0003857
b3846,GO:0004165
b3846,GO:0004300
b3846,GO:0008692
b3846,GO:0016491
b3846,GO:0016509
b3846,GO:0016829
b3846,GO:0016853
b3846,GO:0070403
b3847,GO:0006508
b3847,GO:0043171
b3847,GO:0005829
b3847,GO:0004177
b3847,GO:0005515
b3847,GO:0008235
b3847,GO:0008237
b3847,GO:0016795
b3847,GO:0016805
b3847,GO:0030145
b3847,GO:0042803
b3847,GO:0046872
b3847,GO:0070573
b3847,GO:0102009
b3848,GO:0006446
b3848,GO:0005737
b3848,GO:0005515
b3848,GO:0043168
b3848,GO:0097159
b3848,GO:1901363
b3849,GO:0006813
b3849,GO:0030001
b3849,GO:0034220
b3849,GO:0071805
b3849,GO:0005886
b3849,GO:0016020
b3849,GO:0005267
b3849,GO:0015079
b3849,GO:0015379
b3849,GO:0030955
b3849,GO:0046872
b3850,GO:0006779
b3850,GO:0006782
b3850,GO:0006783
b3850,GO:0006785
b3850,GO:0005886
b3850,GO:0009898
b3850,GO:0016020
b3850,GO:0000166
b3850,GO:0004729
b3850,GO:0005515
b3850,GO:0009055
b3850,GO:0010181
b3850,GO:0016491
b3850,GO:0070819
b3856,GO:0006777
b3856,GO:0005515
b3856,GO:0005525
b3856,GO:0042803
b3857,GO:0006777
b3857,GO:0019720
b3857,GO:1902758
b3857,GO:0005737
b3857,GO:0000287
b3857,GO:0003824
b3857,GO:0005515
b3857,GO:0005525
b3857,GO:0016740
b3857,GO:0016779
b3857,GO:0046872
b3857,GO:0061603
b3857,GO:0070568
b3858,GO:0005829
b3859,GO:0006338
b3859,GO:0006468
b3859,GO:0006950
b3859,GO:0016310
b3859,GO:0005737
b3859,GO:0000287
b3859,GO:0004674
b3859,GO:0005524
b3859,GO:0044024
b3859,GO:0046872
b3859,GO:0106310
b3860,GO:0071236
b3860,GO:0030288
b3860,GO:0042597
b3860,GO:0003756
b3860,GO:0005515
b3860,GO:0015035
b3860,GO:0015036
b3860,GO:0016491
b3862,GO:0005886
b3862,GO:0016746
b3863,GO:0006260
b3863,GO:0006261
b3863,GO:0006281
b3863,GO:0006284
b3863,GO:0006302
b3863,GO:0006974
b3863,GO:0071897
b3863,GO:0005737
b3863,GO:0005829
b3863,GO:0003677
b3863,GO:0003887
b3863,GO:0004527
b3863,GO:0008408
b3863,GO:0008409
b3863,GO:0016788
b3866,GO:0042254
b3866,GO:0090071
b3866,GO:0005829
b3866,GO:0005096
b3866,GO:0005515
b3867,GO:0006779
b3867,GO:0006782
b3867,GO:0019353
b3867,GO:0005737
b3867,GO:0004109
b3867,GO:0016491
b3867,GO:0046872
b3867,GO:0051536
b3867,GO:0051539
b3867,GO:0051989
b3868,GO:0000160
b3868,GO:0006355
b3868,GO:0006808
b3868,GO:0009399
b3868,GO:0005737
b3868,GO:0005829
b3868,GO:0000156
b3868,GO:0003677
b3868,GO:0005515
b3868,GO:0005524
b3868,GO:0016887
b3868,GO:0043565
b3869,GO:0000160
b3869,GO:0006355
b3869,GO:0007165
b3869,GO:0009399
b3869,GO:0016310
b3869,GO:0018106
b3869,GO:0023019
b3869,GO:0005737
b3869,GO:0000155
b3869,GO:0004673
b3869,GO:0004721
b3869,GO:0005515
b3869,GO:0005524
b3869,GO:0016301
b3869,GO:0016774
b3869,GO:0016787
b3869,GO:0042802
b3869,GO:0042803
b3870,GO:0006542
b3870,GO:0009314
b3870,GO:0019676
b3870,GO:0019740
b3870,GO:0005737
b3870,GO:0005829
b3870,GO:0016020
b3870,GO:0004356
b3870,GO:0005524
b3870,GO:0016874
b3870,GO:0016879
b3870,GO:0042802
b3870,GO:0046872
b3871,GO:0000027
b3871,GO:0006412
b3871,GO:0006457
b3871,GO:0009408
b3871,GO:0009409
b3871,GO:0042254
b3871,GO:0005737
b3871,GO:0005829
b3871,GO:1990904
b3871,GO:0000049
b3871,GO:0003924
b3871,GO:0005515
b3871,GO:0005525
b3871,GO:0016787
b3871,GO:0019843
b3871,GO:0043022
b3871,GO:0044183
b3871,GO:0097216
b3872,GO:0006355
b3872,GO:0045892
b3872,GO:0003677
b3872,GO:0003700
b3874,GO:0055085
b3874,GO:0005886
b3874,GO:0016020
b3874,GO:0022857
b3875,GO:0006811
b3875,GO:0015751
b3875,GO:0015757
b3875,GO:0015772
b3875,GO:0046323
b3875,GO:0009279
b3875,GO:0046930
b3875,GO:0015288
b3876,GO:0006814
b3876,GO:0008643
b3876,GO:0055085
b3876,GO:0072348
b3876,GO:0005886
b3876,GO:0016020
b3876,GO:0015293
b3876,GO:1901682
b3877,GO:0006814
b3877,GO:0008643
b3877,GO:0055085
b3877,GO:0005886
b3877,GO:0016020
b3877,GO:0015293
b3878,GO:0005975
b3878,GO:0061720
b3878,GO:0003824
b3878,GO:0004553
b3878,GO:0016798
b3878,GO:0030246
b3878,GO:1990929
b3879,GO:0005975
b3879,GO:0006006
b3879,GO:0033499
b3879,GO:0044010
b3879,GO:1902777
b3879,GO:0004034
b3879,GO:0016853
b3879,GO:0030246
b3880,GO:0005975
b3880,GO:0034214
b3880,GO:0061720
b3880,GO:1902777
b3880,GO:0016853
b3880,GO:0042802
b3880,GO:0050089
b3880,GO:0061593
b3881,GO:0061720
b3881,GO:1902777
b3881,GO:0003824
b3881,GO:0016829
b3881,GO:0061595
b3882,GO:0009407
b3882,GO:0016054
b3882,GO:0051289
b3882,GO:0061720
b3882,GO:1902777
b3882,GO:0032991
b3882,GO:0016491
b3882,GO:0016616
b3882,GO:0042802
b3882,GO:0047577
b3882,GO:0050661
b3882,GO:0051287
b3882,GO:0061596
b3883,GO:0016310
b3883,GO:0046835
b3883,GO:0061720
b3883,GO:1902777
b3883,GO:0005829
b3883,GO:0005524
b3883,GO:0016301
b3883,GO:0016772
b3883,GO:0061594
b3884,GO:0006355
b3884,GO:2000143
b3884,GO:0003677
b3884,GO:0003700
b3885,GO:0000287
b3885,GO:0008877
b3885,GO:0016787
b3885,GO:0030145
b3885,GO:0046872
b3886,GO:0005886
b3887,GO:0006399
b3887,GO:0009408
b3887,GO:0019478
b3887,GO:0106074
b3887,GO:0005737
b3887,GO:0000049
b3887,GO:0002161
b3887,GO:0005515
b3887,GO:0016787
b3887,GO:0042803
b3887,GO:0043908
b3887,GO:0051499
b3887,GO:0051500
b3887,GO:0106026
b3888,GO:0006629
b3888,GO:0006633
b3888,GO:0016746
b3888,GO:0016747
b3889,GO:0006355
b3889,GO:0043565
b3890,GO:0006355
b3890,GO:0043565
b3891,GO:0051604
b3891,GO:0005737
b3891,GO:0005829
b3891,GO:0005515
b3891,GO:0008199
b3891,GO:0042803
b3892,GO:0006788
b3892,GO:0006974
b3892,GO:0009061
b3892,GO:0015944
b3892,GO:0019645
b3892,GO:0022904
b3892,GO:0045333
b3892,GO:0005886
b3892,GO:0009326
b3892,GO:0016020
b3892,GO:0008863
b3892,GO:0009055
b3892,GO:0036397
b3892,GO:0046872
b3893,GO:0006788
b3893,GO:0009061
b3893,GO:0015944
b3893,GO:0019645
b3893,GO:0022904
b3893,GO:0045333
b3893,GO:0005886
b3893,GO:0009326
b3893,GO:0016020
b3893,GO:0036397
b3893,GO:0046872
b3893,GO:0051539
b3894,GO:0006788
b3894,GO:0006974
b3894,GO:0009061
b3894,GO:0015944
b3894,GO:0019645
b3894,GO:0045333
b3894,GO:0005829
b3894,GO:0005886
b3894,GO:0009326
b3894,GO:0016020
b3894,GO:0042597
b3894,GO:0005515
b3894,GO:0008863
b3894,GO:0009055
b3894,GO:0016491
b3894,GO:0030151
b3894,GO:0036397
b3894,GO:0043546
b3894,GO:0046872
b3894,GO:0047111
b3894,GO:0051539
b3895,GO:0006777
b3895,GO:0005737
b3895,GO:0005829
b3895,GO:0005515
b3895,GO:0016783
b3895,GO:0042803
b3895,GO:0043546
b3895,GO:0097163
b3897,GO:0016310
b3897,GO:0003677
b3897,GO:0016301
b3898,GO:0006508
b3898,GO:0004177
b3898,GO:0008237
b3898,GO:0046872
b3899,GO:0009401
b3899,GO:0016310
b3899,GO:1902600
b3899,GO:1990539
b3899,GO:0005886
b3899,GO:0016020
b3899,GO:1902495
b3899,GO:0005351
b3899,GO:0016301
b3899,GO:0022877
b3899,GO:0090563
b3900,GO:0009401
b3900,GO:0016310
b3900,GO:1990539
b3900,GO:0005737
b3900,GO:0016020
b3900,GO:1902495
b3900,GO:0008982
b3900,GO:0016301
b3900,GO:0030295
b3901,GO:0019299
b3901,GO:0019301
b3901,GO:0005737
b3901,GO:0016853
b3901,GO:0016857
b3901,GO:0042803
b3901,GO:0062192
b3902,GO:0005996
b3902,GO:0019299
b3902,GO:0019301
b3902,GO:0019323
b3902,GO:0005737
b3902,GO:0005829
b3902,GO:0008994
b3902,GO:0016829
b3902,GO:0016830
b3902,GO:0016832
b3902,GO:0042802
b3902,GO:0046872
b3903,GO:0019299
b3903,GO:0019301
b3903,GO:0019324
b3903,GO:0051289
b3903,GO:0005737
b3903,GO:0032991
b3903,GO:0008270
b3903,GO:0008740
b3903,GO:0016853
b3903,GO:0030145
b3903,GO:0033296
b3903,GO:0042802
b3903,GO:0046872
b3904,GO:0016310
b3904,GO:0019299
b3904,GO:0019301
b3904,GO:0046835
b3904,GO:0005829
b3904,GO:0004370
b3904,GO:0005524
b3904,GO:0008993
b3904,GO:0016301
b3905,GO:0006355
b3905,GO:0019299
b3905,GO:0045893
b3905,GO:0005737
b3905,GO:0003677
b3905,GO:0003700
b3905,GO:0043565
b3906,GO:0006351
b3906,GO:0019299
b3906,GO:0045893
b3906,GO:0005737
b3906,GO:0003677
b3906,GO:0003700
b3906,GO:0043565
b3907,GO:0008645
b3907,GO:0015762
b3907,GO:0005886
b3907,GO:0016020
b3907,GO:0015153
b3907,GO:0015293
b3908,GO:0006801
b3908,GO:0006979
b3908,GO:0009408
b3908,GO:0010447
b3908,GO:0019430
b3908,GO:0071291
b3908,GO:0005737
b3908,GO:0005829
b3908,GO:0003677
b3908,GO:0004784
b3908,GO:0016209
b3908,GO:0016491
b3908,GO:0030145
b3908,GO:0042803
b3908,GO:0046872
b3909,GO:0008643
b3909,GO:0035429
b3909,GO:0046411
b3909,GO:0005886
b3909,GO:0016020
b3909,GO:0015293
b3909,GO:0015649
b3910,GO:0009407
b3910,GO:0009636
b3910,GO:0005829
b3910,GO:0003824
b3910,GO:0016661
b3910,GO:0030151
b3910,GO:0030170
b3910,GO:0042803
b3911,GO:0000160
b3911,GO:0007155
b3911,GO:0007165
b3911,GO:0009314
b3911,GO:0016310
b3911,GO:0018106
b3911,GO:0036460
b3911,GO:0043708
b3911,GO:0005886
b3911,GO:0016020
b3911,GO:0000155
b3911,GO:0004673
b3911,GO:0004721
b3911,GO:0005515
b3911,GO:0005524
b3911,GO:0016301
b3911,GO:0042802
b3912,GO:0000160
b3912,GO:0006355
b3912,GO:0007155
b3912,GO:0010810
b3912,GO:0045892
b3912,GO:0045893
b3912,GO:0005737
b3912,GO:0005829
b3912,GO:0032993
b3912,GO:0000156
b3912,GO:0000976
b3912,GO:0003677
b3912,GO:0003700
b3912,GO:0005515
b3915,GO:0006826
b3915,GO:0006829
b3915,GO:0006879
b3915,GO:0006882
b3915,GO:0034755
b3915,GO:0055085
b3915,GO:0070574
b3915,GO:0071577
b3915,GO:0005886
b3915,GO:0016020
b3915,GO:0005381
b3915,GO:0005385
b3915,GO:0015086
b3915,GO:0015093
b3915,GO:0015297
b3915,GO:0015341
b3915,GO:0042802
b3915,GO:0046872
b3915,GO:0046873
b3915,GO:0140826
b3916,GO:0006002
b3916,GO:0006007
b3916,GO:0006096
b3916,GO:0016310
b3916,GO:0030388
b3916,GO:0051289
b3916,GO:0061621
b3916,GO:0005737
b3916,GO:0005829
b3916,GO:0005945
b3916,GO:0000287
b3916,GO:0003872
b3916,GO:0005515
b3916,GO:0005524
b3916,GO:0016301
b3916,GO:0019003
b3916,GO:0032553
b3916,GO:0042802
b3916,GO:0046872
b3916,GO:0070095
b3917,GO:0006790
b3917,GO:0015709
b3917,GO:1902358
b3917,GO:0016020
b3917,GO:0030288
b3917,GO:0035796
b3917,GO:0042597
b3917,GO:0043199
b3917,GO:1901681
b3918,GO:0008654
b3918,GO:0046342
b3918,GO:0005886
b3918,GO:0016020
b3918,GO:0008715
b3918,GO:0016787
b3919,GO:0006094
b3919,GO:0006096
b3919,GO:0019563
b3919,GO:0046166
b3919,GO:0005737
b3919,GO:0005829
b3919,GO:0016020
b3919,GO:0004807
b3919,GO:0005515
b3919,GO:0016853
b3919,GO:0042802
b3921,GO:0005886
b3921,GO:0016020
b3922,GO:0005829
b3923,GO:0000303
b3923,GO:0009411
b3923,GO:0042594
b3923,GO:0005737
b3923,GO:0005829
b3923,GO:0042803
b3924,GO:0000303
b3924,GO:0009410
b3924,GO:0016226
b3924,GO:0034599
b3924,GO:0042167
b3924,GO:0005737
b3924,GO:0005829
b3924,GO:0000104
b3924,GO:0000166
b3924,GO:0003994
b3924,GO:0004324
b3924,GO:0016491
b3924,GO:0071949
b3925,GO:0006071
b3925,GO:0006094
b3925,GO:0030388
b3925,GO:0005737
b3925,GO:0016787
b3925,GO:0030145
b3925,GO:0042132
b3925,GO:0042803
b3925,GO:0046872
b3926,GO:0005975
b3926,GO:0006071
b3926,GO:0006072
b3926,GO:0006974
b3926,GO:0016310
b3926,GO:0019563
b3926,GO:0005829
b3926,GO:0004370
b3926,GO:0005515
b3926,GO:0005524
b3926,GO:0008270
b3926,GO:0016301
b3926,GO:0042802
b3926,GO:0046872
b3927,GO:0006833
b3927,GO:0015791
b3927,GO:0015793
b3927,GO:0055085
b3927,GO:0071288
b3927,GO:0005886
b3927,GO:0016020
b3927,GO:0005372
b3927,GO:0015168
b3927,GO:0015254
b3927,GO:0015267
b3928,GO:0000917
b3928,GO:0043093
b3928,GO:0051301
b3928,GO:0090529
b3928,GO:0005737
b3928,GO:0005829
b3928,GO:0032153
b3928,GO:0005515
b3928,GO:0042802
b3929,GO:0051252
b3929,GO:0060699
b3929,GO:0070207
b3929,GO:1902369
b3929,GO:0005737
b3929,GO:0005829
b3929,GO:0032991
b3929,GO:0005515
b3929,GO:0008428
b3929,GO:0019899
b3929,GO:0042802
b3929,GO:0060698
b3930,GO:0009234
b3930,GO:0032194
b3930,GO:0042181
b3930,GO:0042371
b3930,GO:0005886
b3930,GO:0016020
b3930,GO:0000287
b3930,GO:0004659
b3930,GO:0016740
b3930,GO:0046428
b3931,GO:0006508
b3931,GO:0009408
b3931,GO:0030164
b3931,GO:0034605
b3931,GO:0043335
b3931,GO:0051603
b3931,GO:1901800
b3931,GO:0005737
b3931,GO:0005829
b3931,GO:0009376
b3931,GO:0016020
b3931,GO:0000287
b3931,GO:0004176
b3931,GO:0005515
b3931,GO:0005524
b3931,GO:0008233
b3931,GO:0016887
b3931,GO:0019904
b3931,GO:0036402
b3931,GO:0042802
b3932,GO:0006508
b3932,GO:0009408
b3932,GO:0030163
b3932,GO:0030164
b3932,GO:0034605
b3932,GO:0051603
b3932,GO:0005737
b3932,GO:0005829
b3932,GO:0005839
b3932,GO:0009376
b3932,GO:0000287
b3932,GO:0004176
b3932,GO:0004298
b3932,GO:0005515
b3932,GO:0005524
b3932,GO:0008233
b3932,GO:0019904
b3932,GO:0042802
b3932,GO:0046872
b3933,GO:0000917
b3933,GO:0043093
b3933,GO:0051301
b3933,GO:0090529
b3933,GO:0000935
b3933,GO:0005886
b3933,GO:0030428
b3933,GO:0032153
b3933,GO:1990586
b3933,GO:0005515
b3933,GO:0042834
b3934,GO:0006355
b3934,GO:0045892
b3934,GO:0005829
b3934,GO:0000976
b3934,GO:0003677
b3934,GO:0003700
b3934,GO:0005515
b3935,GO:0006260
b3935,GO:0006261
b3935,GO:0006268
b3935,GO:0006269
b3935,GO:0006270
b3935,GO:0006276
b3935,GO:0006302
b3935,GO:0006310
b3935,GO:0010332
b3935,GO:0031297
b3935,GO:0032508
b3935,GO:0046677
b3935,GO:1990077
b3935,GO:1990158
b3935,GO:1990159
b3935,GO:0003677
b3935,GO:0003678
b3935,GO:0004386
b3935,GO:0005515
b3935,GO:0005524
b3935,GO:0008270
b3935,GO:0016787
b3935,GO:0043138
b3935,GO:0046872
b3936,GO:0002181
b3936,GO:0006412
b3936,GO:0006413
b3936,GO:1904689
b3936,GO:0005737
b3936,GO:0005829
b3936,GO:0005840
b3936,GO:0022625
b3936,GO:1990904
b3936,GO:0003735
b3936,GO:0008270
b3936,GO:0019843
b3936,GO:0046872
b3938,GO:0006355
b3938,GO:0006555
b3938,GO:0009086
b3938,GO:0045892
b3938,GO:0005737
b3938,GO:0005829
b3938,GO:0003677
b3938,GO:0003700
b3938,GO:0005515
b3939,GO:0009086
b3939,GO:0019343
b3939,GO:0019346
b3939,GO:0005737
b3939,GO:0003824
b3939,GO:0003962
b3939,GO:0004123
b3939,GO:0016740
b3939,GO:0030170
b3940,GO:0009067
b3940,GO:0009085
b3940,GO:0009086
b3940,GO:0009088
b3940,GO:0009089
b3940,GO:0009090
b3940,GO:0016310
b3940,GO:0005829
b3940,GO:0004072
b3940,GO:0004412
b3940,GO:0005524
b3940,GO:0016301
b3940,GO:0016491
b3940,GO:0046872
b3940,GO:0050661
b3940,GO:0070403
b3941,GO:0009086
b3941,GO:0035999
b3941,GO:0005829
b3941,GO:0032991
b3941,GO:0004489
b3941,GO:0016491
b3941,GO:0051087
b3941,GO:0071949
b3941,GO:0106312
b3942,GO:0006979
b3942,GO:0042744
b3942,GO:0070301
b3942,GO:0098869
b3942,GO:0005829
b3942,GO:0004096
b3942,GO:0004601
b3942,GO:0016491
b3942,GO:0020037
b3942,GO:0042802
b3942,GO:0046872
b3943,GO:0000101
b3943,GO:0055085
b3943,GO:1905039
b3943,GO:0005886
b3943,GO:0016020
b3943,GO:0000099
b3943,GO:0022857
b3945,GO:0006071
b3945,GO:0019588
b3945,GO:0051289
b3945,GO:0051596
b3945,GO:0005829
b3945,GO:0032991
b3945,GO:0008270
b3945,GO:0008888
b3945,GO:0016491
b3945,GO:0016614
b3945,GO:0016616
b3945,GO:0019147
b3945,GO:0042802
b3945,GO:0046872
b3946,GO:0005975
b3946,GO:0006000
b3946,GO:0042182
b3946,GO:0005737
b3946,GO:0016829
b3946,GO:0016832
b3946,GO:0097023
b3947,GO:0009401
b3947,GO:0016310
b3947,GO:1990539
b3947,GO:0005737
b3947,GO:1902495
b3947,GO:0008965
b3947,GO:0016301
b3947,GO:0016772
b3947,GO:0046872
b3949,GO:0009401
b3949,GO:1902600
b3949,GO:1990539
b3949,GO:0005886
b3949,GO:0016020
b3949,GO:1902495
b3949,GO:0005351
b3949,GO:0008982
b3949,GO:0090563
b3950,GO:0009401
b3950,GO:0016310
b3950,GO:1990539
b3950,GO:0005737
b3950,GO:1902495
b3950,GO:0016301
b3950,GO:0022877
b3950,GO:0090582
b3951,GO:0005829
b3951,GO:0003824
b3951,GO:0016829
b3952,GO:0006006
b3952,GO:0005737
b3952,GO:0016491
b3952,GO:0043365
b3952,GO:0046872
b3952,GO:0051539
b3953,GO:0009401
b3953,GO:0016310
b3953,GO:1990539
b3953,GO:0005737
b3953,GO:1902495
b3953,GO:0016301
b3953,GO:0022877
b3953,GO:0090582
b3954,GO:0006355
b3954,GO:0003677
b3954,GO:0003700
b3954,GO:0043565
b3955,GO:0009103
b3955,GO:0009244
b3955,GO:0005886
b3955,GO:0016740
b3955,GO:0016772
b3955,GO:0016776
b3956,GO:0006094
b3956,GO:0006099
b3956,GO:0006107
b3956,GO:0015977
b3956,GO:0051289
b3956,GO:0005829
b3956,GO:0000287
b3956,GO:0008964
b3956,GO:0016829
b3956,GO:0042802
b3957,GO:0006526
b3957,GO:0005737
b3957,GO:0008270
b3957,GO:0008777
b3957,GO:0016787
b3957,GO:0019213
b3957,GO:0046872
b3957,GO:0050897
b3958,GO:0006526
b3958,GO:0005737
b3958,GO:0003942
b3958,GO:0016491
b3958,GO:0051287
b3958,GO:0070401
b3959,GO:0006526
b3959,GO:0006974
b3959,GO:0016310
b3959,GO:0042450
b3959,GO:0005737
b3959,GO:0003991
b3959,GO:0005524
b3959,GO:0016301
b3960,GO:0006526
b3960,GO:0042450
b3960,GO:0005737
b3960,GO:0005829
b3960,GO:0004056
b3960,GO:0016829
b3961,GO:0006355
b3961,GO:0006974
b3961,GO:0006979
b3961,GO:0051409
b3961,GO:2000142
b3961,GO:0005829
b3961,GO:0032993
b3961,GO:0000987
b3961,GO:0003677
b3961,GO:0003700
b3961,GO:0005515
b3962,GO:0006090
b3962,GO:0006103
b3962,GO:0006739
b3962,GO:0045454
b3962,GO:0005737
b3962,GO:0005829
b3962,GO:0003957
b3962,GO:0004148
b3962,GO:0016491
b3962,GO:0042802
b3962,GO:0050660
b3963,GO:0006355
b3963,GO:0006631
b3963,GO:0006633
b3963,GO:0045717
b3963,GO:0045892
b3963,GO:0005737
b3963,GO:0003677
b3963,GO:0003700
b3964,GO:0005886
b3965,GO:0006396
b3965,GO:0008033
b3965,GO:0009451
b3965,GO:0030488
b3965,GO:0032259
b3965,GO:0061818
b3965,GO:0005829
b3965,GO:0000049
b3965,GO:0008168
b3965,GO:0008757
b3965,GO:0019843
b3965,GO:0030697
b3966,GO:0006811
b3966,GO:0015889
b3966,GO:0034220
b3966,GO:0035461
b3966,GO:0009279
b3966,GO:0016020
b3966,GO:0046930
b3966,GO:1902495
b3966,GO:0005509
b3966,GO:0005515
b3966,GO:0015288
b3966,GO:0015420
b3966,GO:0019904
b3966,GO:0046872
b3966,GO:0090482
b3967,GO:0008360
b3967,GO:0009252
b3967,GO:0071555
b3967,GO:0005515
b3967,GO:0008881
b3967,GO:0016853
b3972,GO:0008360
b3972,GO:0009252
b3972,GO:0051301
b3972,GO:0071555
b3972,GO:0005737
b3972,GO:0005829
b3972,GO:0008762
b3972,GO:0016491
b3972,GO:0050660
b3972,GO:0071949
b3973,GO:0006355
b3973,GO:0006768
b3973,GO:0009102
b3973,GO:0036211
b3973,GO:0005737
b3973,GO:0017053
b3973,GO:0000976
b3973,GO:0003676
b3973,GO:0003677
b3973,GO:0004077
b3973,GO:0005515
b3973,GO:0005524
b3973,GO:0009374
b3973,GO:0016874
b3973,GO:0042803
b3974,GO:0015937
b3974,GO:0016310
b3974,GO:0005737
b3974,GO:0004594
b3974,GO:0005524
b3974,GO:0016301
b3974,GO:0042803
b3974,GO:0050165
b3980,GO:0006412
b3980,GO:0006414
b3980,GO:0046677
b3980,GO:0005737
b3980,GO:0005886
b3980,GO:0032045
b3980,GO:0003723
b3980,GO:0003746
b3980,GO:0003924
b3980,GO:0005515
b3980,GO:0005525
b3980,GO:0097216
b3981,GO:0006605
b3981,GO:0006616
b3981,GO:0006886
b3981,GO:0009306
b3981,GO:0015031
b3981,GO:0032978
b3981,GO:0043952
b3981,GO:0065002
b3981,GO:0005886
b3981,GO:0016020
b3981,GO:0031522
b3981,GO:0005515
b3981,GO:0008320
b3982,GO:0006353
b3982,GO:0006354
b3982,GO:0031564
b3982,GO:0032784
b3982,GO:0042254
b3982,GO:0140673
b3982,GO:0005829
b3982,GO:0005515
b3983,GO:0000027
b3983,GO:0002181
b3983,GO:0006412
b3983,GO:0006415
b3983,GO:0015968
b3983,GO:0005737
b3983,GO:0005829
b3983,GO:0005840
b3983,GO:0022625
b3983,GO:1990904
b3983,GO:0003735
b3983,GO:0005515
b3983,GO:0019843
b3983,GO:0070180
b3984,GO:0000027
b3984,GO:0002181
b3984,GO:0006412
b3984,GO:0006417
b3984,GO:0045947
b3984,GO:0005737
b3984,GO:0005829
b3984,GO:0005840
b3984,GO:0015934
b3984,GO:0022625
b3984,GO:1990904
b3984,GO:0000049
b3984,GO:0003723
b3984,GO:0003735
b3984,GO:0005515
b3984,GO:0019843
b3985,GO:0002181
b3985,GO:0006412
b3985,GO:0006417
b3985,GO:0017148
b3985,GO:0005737
b3985,GO:0005829
b3985,GO:0005840
b3985,GO:0015934
b3985,GO:0022625
b3985,GO:1990904
b3985,GO:0003735
b3985,GO:0003924
b3985,GO:0005515
b3985,GO:0019843
b3985,GO:0043022
b3985,GO:0070180
b3986,GO:0002181
b3986,GO:0006412
b3986,GO:0005737
b3986,GO:0005829
b3986,GO:0005840
b3986,GO:0015934
b3986,GO:0022625
b3986,GO:1990904
b3986,GO:0003729
b3986,GO:0003735
b3986,GO:0003924
b3986,GO:0005515
b3986,GO:0042803
b3986,GO:0043022
b3987,GO:0006351
b3987,GO:0006352
b3987,GO:0006879
b3987,GO:0009408
b3987,GO:0031564
b3987,GO:0032784
b3987,GO:0036460
b3987,GO:0042128
b3987,GO:0044780
b3987,GO:0046677
b3987,GO:0048870
b3987,GO:0071973
b3987,GO:0090605
b3987,GO:2000142
b3987,GO:0000345
b3987,GO:0000428
b3987,GO:0005737
b3987,GO:0005829
b3987,GO:0016020
b3987,GO:0003677
b3987,GO:0003899
b3987,GO:0005515
b3987,GO:0016779
b3987,GO:0032549
b3987,GO:0034062
b3988,GO:0006351
b3988,GO:0006352
b3988,GO:0006879
b3988,GO:0009408
b3988,GO:0031564
b3988,GO:0032784
b3988,GO:0036460
b3988,GO:0042128
b3988,GO:0044780
b3988,GO:0046677
b3988,GO:0048870
b3988,GO:0071973
b3988,GO:0090605
b3988,GO:2000142
b3988,GO:0000345
b3988,GO:0000428
b3988,GO:0005737
b3988,GO:0005829
b3988,GO:0016020
b3988,GO:0000287
b3988,GO:0003677
b3988,GO:0003899
b3988,GO:0005515
b3988,GO:0008270
b3988,GO:0016779
b3988,GO:0034062
b3988,GO:0046872
b3989,GO:0009408
b3990,GO:0006974
b3990,GO:0009228
b3990,GO:0009229
b3990,GO:0042364
b3990,GO:0044272
b3990,GO:1902508
b3990,GO:0003824
b3990,GO:0005506
b3990,GO:0005515
b3990,GO:0016829
b3990,GO:0036355
b3990,GO:0046872
b3990,GO:0051539
b3991,GO:0009228
b3991,GO:0009229
b3991,GO:0005737
b3991,GO:0005829
b3991,GO:1902508
b3991,GO:0005515
b3991,GO:0016740
b3991,GO:0016783
b3991,GO:1990107
b3992,GO:0009228
b3992,GO:0009229
b3992,GO:0052837
b3992,GO:0005737
b3992,GO:0005829
b3992,GO:1902503
b3992,GO:1990228
b3992,GO:0004792
b3992,GO:0005524
b3992,GO:0008146
b3992,GO:0008270
b3992,GO:0008641
b3992,GO:0016779
b3992,GO:0042803
b3992,GO:0046872
b3992,GO:0070733
b3993,GO:0009228
b3993,GO:0009229
b3993,GO:0005737
b3993,GO:0000287
b3993,GO:0004789
b3993,GO:0016740
b3993,GO:0046872
b3994,GO:0009228
b3994,GO:0009229
b3994,GO:0005829
b3994,GO:0008270
b3994,GO:0016829
b3994,GO:0016830
b3994,GO:0046872
b3994,GO:0051536
b3994,GO:0051539
b3995,GO:0006355
b3995,GO:0010468
b3995,GO:0015968
b3995,GO:0030813
b3995,GO:0045892
b3995,GO:0005737
b3995,GO:1903865
b3995,GO:0001000
b3995,GO:0005515
b3995,GO:0016989
b3996,GO:0006402
b3996,GO:0006734
b3996,GO:0006742
b3996,GO:0019677
b3996,GO:0048255
b3996,GO:0110155
b3996,GO:0000210
b3996,GO:0000287
b3996,GO:0008270
b3996,GO:0016787
b3996,GO:0030145
b3996,GO:0035529
b3996,GO:0042803
b3996,GO:0046872
b3996,GO:0110153
b3997,GO:0006778
b3997,GO:0006779
b3997,GO:0006780
b3997,GO:0006782
b3997,GO:0006783
b3997,GO:0006785
b3997,GO:0019353
b3997,GO:0005737
b3997,GO:0005829
b3997,GO:0004853
b3997,GO:0016831
b3998,GO:0006281
b3998,GO:0005737
b3998,GO:0005829
b3998,GO:0000287
b3998,GO:0003727
b3998,GO:0004519
b3998,GO:0005515
b3998,GO:0016891
b3998,GO:0043737
b3998,GO:0046872
b3999,GO:0005829
b4000,GO:0006270
b4000,GO:0006281
b4000,GO:0006351
b4000,GO:0006974
b4000,GO:0030261
b4000,GO:0036386
b4000,GO:0005737
b4000,GO:0005829
b4000,GO:0009295
b4000,GO:0016020
b4000,GO:1990103
b4000,GO:1990178
b4000,GO:0003677
b4000,GO:0005515
b4000,GO:0030527
b4000,GO:0042802
b4002,GO:0036460
b4002,GO:0030288
b4002,GO:0042597
b4002,GO:0005507
b4002,GO:0008270
b4002,GO:0016151
b4002,GO:0042802
b4002,GO:0050897
b4003,GO:0000160
b4003,GO:0007165
b4003,GO:0016310
b4003,GO:0018106
b4003,GO:0036460
b4003,GO:0071284
b4003,GO:0071294
b4003,GO:0005886
b4003,GO:0016020
b4003,GO:0000155
b4003,GO:0004673
b4003,GO:0005524
b4003,GO:0016301
b4004,GO:0000160
b4004,GO:0006355
b4004,GO:0005737
b4004,GO:0000156
b4004,GO:0003677
b4004,GO:0005524
b4004,GO:0016887
b4004,GO:0043565
b4005,GO:0006164
b4005,GO:0006189
b4005,GO:0006974
b4005,GO:0009113
b4005,GO:0003824
b4005,GO:0004637
b4005,GO:0005524
b4005,GO:0016874
b4005,GO:0016887
b4005,GO:0046872
b4006,GO:0006164
b4006,GO:0006189
b4006,GO:0005829
b4006,GO:0003937
b4006,GO:0004643
b4006,GO:0016740
b4006,GO:0016787
b4011,GO:0044011
b4011,GO:0070301
b4011,GO:0071468
b4012,GO:0016746
b4012,GO:0016747
b4012,GO:0061733
b4014,GO:0006097
b4014,GO:0006099
b4014,GO:0005737
b4014,GO:0004474
b4014,GO:0016740
b4015,GO:0006097
b4015,GO:0006099
b4015,GO:0019752
b4015,GO:0005829
b4015,GO:0004451
b4015,GO:0016829
b4015,GO:0043169
b4015,GO:0046872
b4016,GO:0006006
b4016,GO:0006097
b4016,GO:0006099
b4016,GO:0016310
b4016,GO:0005737
b4016,GO:0000287
b4016,GO:0004674
b4016,GO:0004721
b4016,GO:0004722
b4016,GO:0005515
b4016,GO:0005524
b4016,GO:0008772
b4016,GO:0016208
b4016,GO:0016788
b4016,GO:0016791
b4016,GO:0030145
b4018,GO:0006097
b4018,GO:0006355
b4018,GO:0045892
b4018,GO:0005829
b4018,GO:0003677
b4018,GO:0003700
b4018,GO:0005515
b4019,GO:0009086
b4019,GO:0032259
b4019,GO:0035999
b4019,GO:0042558
b4019,GO:0046653
b4019,GO:0050667
b4019,GO:0005737
b4019,GO:0005829
b4019,GO:0005515
b4019,GO:0008168
b4019,GO:0008270
b4019,GO:0008705
b4019,GO:0031419
b4019,GO:0046872
b4020,GO:0035435
b4020,GO:0035725
b4020,GO:0044341
b4020,GO:0098660
b4020,GO:0005886
b4020,GO:0016020
b4020,GO:0005315
b4020,GO:0005436
b4021,GO:0006508
b4021,GO:0005737
b4021,GO:0005515
b4021,GO:0008233
b4021,GO:0008236
b4021,GO:0016805
b4022,GO:0000455
b4022,GO:0001522
b4022,GO:0006364
b4022,GO:0008033
b4022,GO:0031119
b4022,GO:0003723
b4022,GO:0009982
b4022,GO:0016853
b4022,GO:0106029
b4022,GO:0120159
b4022,GO:0160138
b4024,GO:0009085
b4024,GO:0009089
b4024,GO:0009090
b4024,GO:0016310
b4024,GO:0005829
b4024,GO:0004072
b4024,GO:0005524
b4024,GO:0016301
b4024,GO:0042803
b4025,GO:0006094
b4025,GO:0006096
b4025,GO:0034599
b4025,GO:0051156
b4025,GO:0005737
b4025,GO:0005829
b4025,GO:0004347
b4025,GO:0016853
b4025,GO:0042802
b4025,GO:0042803
b4025,GO:0048029
b4025,GO:0097367
b4026,GO:0044010
b4026,GO:0045226
b4027,GO:0045226
b4027,GO:0005886
b4028,GO:0045226
b4029,GO:0045226
b4029,GO:0005886
b4030,GO:0016036
b4030,GO:0005886
b4030,GO:0016020
b4031,GO:0015753
b4031,GO:0055085
b4031,GO:0005886
b4031,GO:0016020
b4031,GO:0015293
b4031,GO:0015519
b4031,GO:0022857
b4032,GO:0015768
b4032,GO:0034763
b4032,GO:0042956
b4032,GO:0055085
b4032,GO:1902344
b4032,GO:1904981
b4032,GO:0005886
b4032,GO:0016020
b4032,GO:0043190
b4032,GO:1990060
b4032,GO:1990154
b4032,GO:0005515
b4032,GO:0015423
b4033,GO:0006974
b4033,GO:0015768
b4033,GO:0034763
b4033,GO:0042956
b4033,GO:0055085
b4033,GO:1902344
b4033,GO:1904981
b4033,GO:0005886
b4033,GO:0016020
b4033,GO:0043190
b4033,GO:1990060
b4033,GO:1990154
b4033,GO:0005515
b4033,GO:0015423
b4034,GO:0006974
b4034,GO:0008643
b4034,GO:0015768
b4034,GO:0034219
b4034,GO:0034289
b4034,GO:0042956
b4034,GO:0055085
b4034,GO:0060326
b4034,GO:0016020
b4034,GO:0030288
b4034,GO:0042597
b4034,GO:0043190
b4034,GO:0055052
b4034,GO:1990060
b4034,GO:0005515
b4034,GO:0015144
b4034,GO:1901982
b4035,GO:0008643
b4035,GO:0015768
b4035,GO:0034763
b4035,GO:0042956
b4035,GO:0055085
b4035,GO:1902344
b4035,GO:1904981
b4035,GO:0005886
b4035,GO:0016020
b4035,GO:0032991
b4035,GO:0043190
b4035,GO:0055052
b4035,GO:1990060
b4035,GO:1990154
b4035,GO:0005515
b4035,GO:0005524
b4035,GO:0015423
b4035,GO:0016887
b4035,GO:0140297
b4035,GO:0140359
b4036,GO:0006811
b4036,GO:0006974
b4036,GO:0015768
b4036,GO:0015774
b4036,GO:0034219
b4036,GO:0042956
b4036,GO:0046718
b4036,GO:1904981
b4036,GO:0009279
b4036,GO:0046930
b4036,GO:0106234
b4036,GO:0001618
b4036,GO:0005363
b4036,GO:0005515
b4036,GO:0015144
b4036,GO:0015288
b4036,GO:0015481
b4036,GO:0042958
b4037,GO:0008643
b4037,GO:0030288
b4037,GO:0042597
b4039,GO:0006744
b4039,GO:0042866
b4039,GO:0005737
b4039,GO:0005829
b4039,GO:0005515
b4039,GO:0008813
b4039,GO:0016829
b4040,GO:0006744
b4040,GO:0005886
b4040,GO:0016020
b4040,GO:0004659
b4040,GO:0008412
b4040,GO:0016740
b4040,GO:0016765
b4041,GO:0006631
b4041,GO:0008654
b4041,GO:0016024
b4041,GO:0005886
b4041,GO:0004366
b4041,GO:0005515
b4041,GO:0016746
b4042,GO:0006654
b4042,GO:0008654
b4042,GO:0009411
b4042,GO:0016310
b4042,GO:0005886
b4042,GO:0016020
b4042,GO:0004143
b4042,GO:0005524
b4042,GO:0016301
b4042,GO:0042802
b4042,GO:0046872
b4043,GO:0006260
b4043,GO:0006281
b4043,GO:0006351
b4043,GO:0006508
b4043,GO:0006974
b4043,GO:0009432
b4043,GO:0045892
b4043,GO:0005829
b4043,GO:0032993
b4043,GO:0000976
b4043,GO:0001217
b4043,GO:0003677
b4043,GO:0004252
b4043,GO:0005515
b4043,GO:0016787
b4043,GO:0042802
b4044,GO:0042908
b4044,GO:0055085
b4044,GO:0005886
b4044,GO:0016020
b4044,GO:0015297
b4044,GO:0042910
b4045,GO:0005829
b4045,GO:0060187
b4045,GO:0005515
b4046,GO:0006351
b4046,GO:0006355
b4046,GO:0045892
b4046,GO:1900376
b4046,GO:0005829
b4046,GO:0032993
b4046,GO:0000976
b4046,GO:0001217
b4046,GO:0003677
b4046,GO:0003700
b4046,GO:0008270
b4046,GO:0042802
b4049,GO:0002943
b4049,GO:0008033
b4049,GO:0005829
b4049,GO:0000049
b4049,GO:0010181
b4049,GO:0016491
b4049,GO:0017150
b4049,GO:0050660
b4049,GO:0102264
b4049,GO:0102266
b4050,GO:0009271
b4050,GO:0005886
b4050,GO:0005515
b4051,GO:0005829
b4051,GO:0003960
b4051,GO:0005515
b4051,GO:0008270
b4051,GO:0016491
b4051,GO:0035925
b4051,GO:0042803
b4051,GO:0070402
b4052,GO:0006260
b4052,GO:0006268
b4052,GO:0006269
b4052,GO:0006270
b4052,GO:0010212
b4052,GO:0031297
b4052,GO:0032508
b4052,GO:0005829
b4052,GO:0030894
b4052,GO:0033202
b4052,GO:1990077
b4052,GO:1990100
b4052,GO:1990156
b4052,GO:1990158
b4052,GO:1990159
b4052,GO:1990160
b4052,GO:0003677
b4052,GO:0003678
b4052,GO:0004386
b4052,GO:0005515
b4052,GO:0005524
b4052,GO:0016787
b4052,GO:0016853
b4052,GO:0016887
b4052,GO:0042802
b4052,GO:0043139
b4053,GO:0006522
b4053,GO:0008360
b4053,GO:0009252
b4053,GO:0030632
b4053,GO:0071555
b4053,GO:0005829
b4053,GO:0008784
b4053,GO:0016853
b4053,GO:0030170
b4053,GO:0042803
b4054,GO:0006520
b4054,GO:0006532
b4054,GO:0006571
b4054,GO:0008652
b4054,GO:0009058
b4054,GO:0009073
b4054,GO:0009094
b4054,GO:0009098
b4054,GO:0019292
b4054,GO:0033585
b4054,GO:0005737
b4054,GO:0005829
b4054,GO:0003824
b4054,GO:0004838
b4054,GO:0008483
b4054,GO:0008793
b4054,GO:0030170
b4054,GO:0042802
b4054,GO:0042803
b4054,GO:0052654
b4054,GO:0080130
b4055,GO:0030288
b4055,GO:0042597
b4055,GO:0000287
b4055,GO:0003993
b4055,GO:0016787
b4055,GO:0036424
b4055,GO:0042802
b4055,GO:0046872
b4058,GO:0000715
b4058,GO:0006281
b4058,GO:0006289
b4058,GO:0006294
b4058,GO:0009314
b4058,GO:0009432
b4058,GO:0005737
b4058,GO:0005829
b4058,GO:0009380
b4058,GO:1990391
b4058,GO:0003677
b4058,GO:0003824
b4058,GO:0004518
b4058,GO:0005515
b4058,GO:0005524
b4058,GO:0008270
b4058,GO:0009381
b4058,GO:0016887
b4058,GO:0042802
b4058,GO:0046872
b4059,GO:0000725
b4059,GO:0006260
b4059,GO:0006261
b4059,GO:0006281
b4059,GO:0006298
b4059,GO:0006310
b4059,GO:0009432
b4059,GO:0051096
b4059,GO:0005829
b4059,GO:0009295
b4059,GO:0030894
b4059,GO:0044777
b4059,GO:0003677
b4059,GO:0003697
b4059,GO:0005515
b4059,GO:0008047
b4059,GO:0042802
b4061,GO:0005829
b4061,GO:0005886
b4061,GO:0030288
b4061,GO:0016787
b4061,GO:0071111
b4062,GO:0006355
b4062,GO:0005737
b4062,GO:0000987
b4062,GO:0001108
b4062,GO:0003677
b4062,GO:0003700
b4062,GO:0043565
b4063,GO:0006355
b4063,GO:0006979
b4063,GO:0005737
b4063,GO:0003677
b4063,GO:0003700
b4063,GO:0046872
b4063,GO:0051537
b4064,GO:0006863
b4064,GO:0035344
b4064,GO:0055085
b4064,GO:0098710
b4064,GO:1904823
b4064,GO:0005886
b4064,GO:0016020
b4064,GO:0005345
b4064,GO:0015205
b4064,GO:0015208
b4065,GO:0006814
b4065,GO:0051453
b4065,GO:0071805
b4065,GO:0098719
b4065,GO:1902600
b4065,GO:0005886
b4065,GO:0016020
b4065,GO:0015297
b4065,GO:0015385
b4065,GO:0015386
b4067,GO:0006814
b4067,GO:0006847
b4067,GO:0015710
b4067,GO:0046942
b4067,GO:0055085
b4067,GO:0097339
b4067,GO:0005886
b4067,GO:0015123
b4067,GO:0015293
b4067,GO:0015654
b4067,GO:0043879
b4068,GO:0005886
b4069,GO:0006085
b4069,GO:0006935
b4069,GO:0018394
b4069,GO:0019427
b4069,GO:0034421
b4069,GO:0045733
b4069,GO:0005829
b4069,GO:0003987
b4069,GO:0005524
b4069,GO:0016208
b4069,GO:0016874
b4069,GO:0016877
b4069,GO:0033558
b4069,GO:0046872
b4069,GO:0050218
b4070,GO:0009061
b4070,GO:0019645
b4070,GO:0042128
b4070,GO:0030288
b4070,GO:0042597
b4070,GO:0005506
b4070,GO:0005509
b4070,GO:0016491
b4070,GO:0016966
b4070,GO:0020037
b4070,GO:0042279
b4070,GO:0046872
b4071,GO:0009061
b4071,GO:0019645
b4071,GO:0030288
b4071,GO:0042597
b4071,GO:0009055
b4071,GO:0016491
b4071,GO:0020037
b4071,GO:0042279
b4071,GO:0046872
b4072,GO:0019645
b4072,GO:0005886
b4072,GO:0016491
b4072,GO:0042279
b4072,GO:0046872
b4072,GO:0051539
b4073,GO:0019645
b4073,GO:0005886
b4074,GO:0015886
b4074,GO:0017004
b4074,GO:0005886
b4074,GO:0016020
b4074,GO:0015232
b4074,GO:0020037
b4075,GO:0005886
b4075,GO:0042597
b4075,GO:0046872
b4076,GO:0005886
b4077,GO:0003333
b4077,GO:0006835
b4077,GO:0006865
b4077,GO:0046942
b4077,GO:0055085
b4077,GO:1902600
b4077,GO:0005886
b4077,GO:0016020
b4077,GO:0005280
b4077,GO:0015293
b4077,GO:0022857
b4079,GO:0006007
b4079,GO:0009061
b4079,GO:0015942
b4079,GO:0015944
b4079,GO:0019628
b4079,GO:0019645
b4079,GO:0022904
b4079,GO:0045333
b4079,GO:0005829
b4079,GO:0009326
b4079,GO:0016020
b4079,GO:1990204
b4079,GO:0003954
b4079,GO:0005515
b4079,GO:0008863
b4079,GO:0016491
b4079,GO:0016903
b4079,GO:0043546
b4079,GO:0046872
b4079,GO:0051539
b4080,GO:0046677
b4080,GO:0055085
b4080,GO:0009279
b4080,GO:0016020
b4080,GO:1990351
b4080,GO:0015562
b4080,GO:0022857
b4081,GO:0046677
b4081,GO:0055085
b4081,GO:1902599
b4081,GO:0005886
b4081,GO:0016020
b4081,GO:1990351
b4081,GO:0005515
b4081,GO:0015546
b4081,GO:0022857
b4082,GO:0046677
b4082,GO:0055085
b4082,GO:1902599
b4082,GO:1990961
b4082,GO:0005886
b4082,GO:0016020
b4082,GO:1990351
b4082,GO:0015546
b4082,GO:0042910
b4083,GO:0018909
b4083,GO:0030288
b4083,GO:0042597
b4083,GO:0016787
b4083,GO:0018741
b4083,GO:0046872
b4083,GO:0046983
b4084,GO:0016310
b4084,GO:0019316
b4084,GO:0046835
b4084,GO:0051156
b4084,GO:0003824
b4084,GO:0004340
b4084,GO:0004396
b4084,GO:0005524
b4084,GO:0008787
b4084,GO:0016301
b4084,GO:0019200
b4085,GO:0005975
b4085,GO:0009052
b4085,GO:0019316
b4085,GO:0005829
b4085,GO:0004750
b4085,GO:0016853
b4085,GO:0034700
b4085,GO:0046872
b4086,GO:0015752
b4086,GO:0015754
b4086,GO:0055085
b4086,GO:0005886
b4086,GO:0016020
b4086,GO:0043190
b4086,GO:0055052
b4086,GO:0022857
b4087,GO:0015752
b4087,GO:0015754
b4087,GO:0005886
b4087,GO:0016020
b4087,GO:0055052
b4087,GO:0005524
b4087,GO:0015615
b4087,GO:0016887
b4088,GO:0015752
b4088,GO:0015754
b4088,GO:0016020
b4088,GO:0030288
b4088,GO:0042597
b4088,GO:0055052
b4088,GO:0030246
b4088,GO:0048029
b4090,GO:0005975
b4090,GO:0006098
b4090,GO:0009052
b4090,GO:0019316
b4090,GO:0004751
b4090,GO:0005515
b4090,GO:0008786
b4090,GO:0016853
b4090,GO:0016861
b4092,GO:0019700
b4092,GO:0008081
b4092,GO:0016787
b4092,GO:0030145
b4092,GO:0042803
b4092,GO:0046872
b4092,GO:0103043
b4093,GO:0033051
b4093,GO:0008080
b4093,GO:0016746
b4093,GO:0016747
b4093,GO:0061733
b4094,GO:0006015
b4094,GO:0009435
b4094,GO:0019634
b4094,GO:0046835
b4094,GO:0005829
b4094,GO:0005524
b4094,GO:0016740
b4094,GO:0033863
b4095,GO:0019700
b4095,GO:0016787
b4095,GO:0016810
b4096,GO:0015716
b4096,GO:0019634
b4096,GO:0019700
b4096,GO:0061694
b4096,GO:1904176
b4096,GO:0005524
b4096,GO:0016740
b4096,GO:0016887
b4096,GO:0061693
b4097,GO:0015716
b4097,GO:0015833
b4097,GO:0019634
b4097,GO:0019700
b4097,GO:0061694
b4097,GO:1904176
b4097,GO:0005515
b4097,GO:0005524
b4097,GO:0016887
b4098,GO:0015716
b4098,GO:0019634
b4098,GO:0019700
b4098,GO:0061694
b4098,GO:1904176
b4098,GO:0005515
b4098,GO:0016829
b4098,GO:0046872
b4098,GO:0051539
b4098,GO:0098848
b4099,GO:0015716
b4099,GO:0019634
b4099,GO:0019700
b4099,GO:0061694
b4099,GO:1904176
b4099,GO:0005515
b4099,GO:0016740
b4099,GO:0061693
b4100,GO:0015716
b4100,GO:0019634
b4100,GO:0019700
b4100,GO:0061694
b4100,GO:1904176
b4100,GO:0016740
b4100,GO:0042802
b4100,GO:0042803
b4100,GO:0061693
b4101,GO:0015716
b4101,GO:0019634
b4101,GO:0019700
b4101,GO:0061694
b4101,GO:1904176
b4101,GO:0005515
b4101,GO:0016740
b4101,GO:0061693
b4102,GO:0006355
b4102,GO:0015716
b4102,GO:0045892
b4102,GO:0003677
b4102,GO:0003700
b4105,GO:0015716
b4105,GO:0055085
b4105,GO:0042597
b4105,GO:0043190
b4106,GO:0015716
b4106,GO:0005886
b4106,GO:0016020
b4106,GO:0005524
b4106,GO:0015416
b4106,GO:0016887
b4108,GO:0005829
b4111,GO:0006865
b4111,GO:0007231
b4111,GO:0031460
b4111,GO:0055085
b4111,GO:0071474
b4111,GO:0071475
b4111,GO:1905647
b4111,GO:0005886
b4111,GO:0016020
b4111,GO:0005297
b4111,GO:0005515
b4111,GO:0015293
b4111,GO:0022857
b4111,GO:0042803
b4112,GO:0000160
b4112,GO:0007165
b4112,GO:0010041
b4112,GO:0010043
b4112,GO:0016310
b4112,GO:0018106
b4112,GO:0005886
b4112,GO:0016020
b4112,GO:0000155
b4112,GO:0004673
b4112,GO:0004721
b4112,GO:0005524
b4112,GO:0016301
b4113,GO:0000160
b4113,GO:0006355
b4113,GO:0010041
b4113,GO:0046677
b4113,GO:0005737
b4113,GO:0005829
b4113,GO:0032993
b4113,GO:0000156
b4113,GO:0000976
b4113,GO:0003677
b4114,GO:0009103
b4114,GO:0009244
b4114,GO:0009245
b4114,GO:0046677
b4114,GO:0005886
b4114,GO:0016020
b4114,GO:0016740
b4114,GO:0016772
b4114,GO:0016776
b4115,GO:0003333
b4115,GO:0006865
b4115,GO:0015695
b4115,GO:0055085
b4115,GO:1905039
b4115,GO:1990451
b4115,GO:0005886
b4115,GO:0016020
b4115,GO:0015297
b4115,GO:0022857
b4115,GO:0043862
b4116,GO:0006355
b4116,GO:0045893
b4116,GO:0003677
b4116,GO:0003700
b4116,GO:0043565
b4117,GO:0006520
b4117,GO:0006527
b4117,GO:0051454
b4117,GO:0005737
b4117,GO:0005829
b4117,GO:0008792
b4117,GO:0016831
b4117,GO:0030170
b4118,GO:0006355
b4118,GO:0003677
b4118,GO:0003700
b4118,GO:0043565
b4119,GO:0005975
b4119,GO:0005995
b4119,GO:0005829
b4119,GO:0004553
b4119,GO:0004557
b4119,GO:0005515
b4119,GO:0016616
b4119,GO:0016798
b4119,GO:0030145
b4119,GO:0046872
b4119,GO:0070403
b4120,GO:0006814
b4120,GO:0008643
b4120,GO:0015765
b4120,GO:0015769
b4120,GO:0034219
b4120,GO:0035725
b4120,GO:0055085
b4120,GO:0005886
b4120,GO:0016020
b4120,GO:0005515
b4120,GO:0015293
b4120,GO:0015486
b4120,GO:0015487
b4120,GO:0015592
b4120,GO:0043887
b4121,GO:0005886
b4122,GO:0006091
b4122,GO:0006099
b4122,GO:0006974
b4122,GO:0044010
b4122,GO:0005829
b4122,GO:0004333
b4122,GO:0005515
b4122,GO:0016829
b4122,GO:0042803
b4122,GO:0046872
b4122,GO:0047808
b4122,GO:0051539
b4123,GO:0009061
b4123,GO:0015740
b4123,GO:0015741
b4123,GO:0055085
b4123,GO:0071422
b4123,GO:0005886
b4123,GO:0016020
b4123,GO:0005469
b4123,GO:0005515
b4123,GO:0015293
b4123,GO:0015297
b4123,GO:0015556
b4124,GO:0000160
b4124,GO:0006351
b4124,GO:0045893
b4124,GO:0005737
b4124,GO:0000156
b4124,GO:0001216
b4124,GO:0003677
b4124,GO:0003700
b4124,GO:0042803
b4125,GO:0000160
b4125,GO:0006355
b4125,GO:0007165
b4125,GO:0016310
b4125,GO:0018106
b4125,GO:0005829
b4125,GO:0005886
b4125,GO:0009365
b4125,GO:0030288
b4125,GO:0000155
b4125,GO:0004673
b4125,GO:0005515
b4125,GO:0005524
b4125,GO:0016301
b4125,GO:0042802
b4127,GO:0016747
b4128,GO:0004519
b4128,GO:0004521
b4129,GO:0006412
b4129,GO:0006418
b4129,GO:0006430
b4129,GO:0034605
b4129,GO:0036260
b4129,GO:0005737
b4129,GO:0005829
b4129,GO:0016020
b4129,GO:0000049
b4129,GO:0000287
b4129,GO:0003676
b4129,GO:0004812
b4129,GO:0004824
b4129,GO:0005524
b4129,GO:0016874
b4129,GO:0042803
b4129,GO:0046872
b4130,GO:0006857
b4130,GO:0015031
b4130,GO:0015833
b4130,GO:0035442
b4130,GO:0035443
b4130,GO:0055085
b4130,GO:1902600
b4130,GO:0005886
b4130,GO:0016020
b4130,GO:0015078
b4130,GO:0015293
b4130,GO:0015333
b4130,GO:0042937
b4130,GO:0071916
b4130,GO:1904680
b4131,GO:0006520
b4131,GO:0006554
b4131,GO:0005737
b4131,GO:0005515
b4131,GO:0008923
b4131,GO:0016831
b4131,GO:0042802
b4131,GO:0097216
b4132,GO:0006865
b4132,GO:0015839
b4132,GO:0055085
b4132,GO:1903401
b4132,GO:1990451
b4132,GO:0005886
b4132,GO:0016020
b4132,GO:0015293
b4132,GO:0015297
b4132,GO:0022857
b4132,GO:0043872
b4133,GO:0000160
b4133,GO:0006355
b4133,GO:0045893
b4133,GO:0005829
b4133,GO:0005886
b4133,GO:0032993
b4133,GO:0000156
b4133,GO:0000976
b4133,GO:0003677
b4133,GO:0005515
b4133,GO:0042803
b4135,GO:0009889
b4135,GO:0080090
b4135,GO:0003677
b4136,GO:0017004
b4136,GO:0045454
b4136,GO:0046688
b4136,GO:0005886
b4136,GO:0016020
b4136,GO:0005515
b4136,GO:0009055
b4136,GO:0015035
b4136,GO:0015036
b4136,GO:0016491
b4136,GO:0047134
b4137,GO:0010038
b4137,GO:0046688
b4137,GO:0005737
b4137,GO:0032991
b4137,GO:0005507
b4137,GO:0046872
b4138,GO:0009061
b4138,GO:0015740
b4138,GO:0015741
b4138,GO:0071422
b4138,GO:0140009
b4138,GO:0005886
b4138,GO:0016020
b4138,GO:0005469
b4138,GO:0005515
b4138,GO:0015293
b4138,GO:0015297
b4138,GO:0015556
b4139,GO:0006099
b4139,GO:0006531
b4139,GO:0006533
b4139,GO:0006538
b4139,GO:0019740
b4139,GO:0051289
b4139,GO:0005829
b4139,GO:0016020
b4139,GO:0005515
b4139,GO:0008797
b4139,GO:0016829
b4139,GO:0042802
b4140,GO:0005886
b4140,GO:0016020
b4141,GO:0006865
b4141,GO:0015820
b4141,GO:0015821
b4141,GO:0055085
b4141,GO:0071230
b4141,GO:1903714
b4141,GO:1903785
b4141,GO:0005886
b4141,GO:0016020
b4141,GO:0000102
b4141,GO:0005294
b4141,GO:0015297
b4141,GO:0022857
b4142,GO:0051085
b4142,GO:0046872
b4142,GO:0051082
b4142,GO:0051087
b4143,GO:0009408
b4143,GO:0042026
b4143,GO:0051085
b4143,GO:1990220
b4143,GO:0005524
b4143,GO:0051082
b4144,GO:0006974
b4146,GO:0043687
b4146,GO:0003824
b4146,GO:0016853
b4146,GO:0016869
b4146,GO:0046872
b4146,GO:0051536
b4146,GO:0051539
b4147,GO:0006412
b4147,GO:0006414
b4147,GO:0043043
b4147,GO:0072344
b4147,GO:2001125
b4147,GO:0005737
b4147,GO:0005829
b4147,GO:0003746
b4147,GO:0043022
b4148,GO:0006811
b4148,GO:0055085
b4148,GO:1990961
b4148,GO:0005886
b4148,GO:0015297
b4148,GO:0022857
b4149,GO:0006950
b4149,GO:0006974
b4149,GO:0009279
b4149,GO:0008289
b4150,GO:0017001
b4150,GO:0046677
b4150,GO:0030288
b4150,GO:0042597
b4150,GO:0008800
b4150,GO:0016787
b4151,GO:0006106
b4151,GO:0006113
b4151,GO:0009061
b4151,GO:0019645
b4151,GO:0044780
b4151,GO:0005886
b4151,GO:0016020
b4151,GO:0045283
b4151,GO:0000104
b4152,GO:0006113
b4152,GO:0009061
b4152,GO:0019645
b4152,GO:0044780
b4152,GO:0005886
b4152,GO:0016020
b4152,GO:0045283
b4152,GO:0000104
b4153,GO:0006099
b4153,GO:0006113
b4153,GO:0009061
b4153,GO:0019645
b4153,GO:0044780
b4153,GO:0005829
b4153,GO:0005886
b4153,GO:0016020
b4153,GO:0045283
b4153,GO:0005515
b4153,GO:0008177
b4153,GO:0009055
b4153,GO:0016491
b4153,GO:0046872
b4153,GO:0051536
b4153,GO:0051537
b4153,GO:0051538
b4153,GO:0051539
b4154,GO:0006113
b4154,GO:0006974
b4154,GO:0009061
b4154,GO:0019645
b4154,GO:0022900
b4154,GO:0044780
b4154,GO:0005829
b4154,GO:0005886
b4154,GO:0016020
b4154,GO:0045283
b4154,GO:0000104
b4154,GO:0000166
b4154,GO:0005515
b4154,GO:0008177
b4154,GO:0009055
b4154,GO:0016491
b4154,GO:0016627
b4154,GO:0050660
b4154,GO:0071949
b4155,GO:0006430
b4155,GO:0043687
b4155,GO:0071468
b4155,GO:0005737
b4155,GO:0005829
b4155,GO:0000049
b4155,GO:0004824
b4155,GO:0005515
b4155,GO:0005524
b4155,GO:0016874
b4155,GO:0016880
b4155,GO:0042803
b4155,GO:0052868
b4156,GO:0003333
b4156,GO:0006865
b4156,GO:0055085
b4156,GO:0005886
b4156,GO:0016020
b4156,GO:0015171
b4156,GO:0022857
b4158,GO:0005886
b4159,GO:0034220
b4159,GO:0055085
b4159,GO:0071470
b4159,GO:0005886
b4159,GO:0016020
b4159,GO:0008381
b4160,GO:0006646
b4160,GO:0008654
b4160,GO:0016540
b4160,GO:0031638
b4160,GO:0005886
b4160,GO:0004609
b4160,GO:0016831
b4160,GO:0042803
b4161,GO:0000028
b4161,GO:0042254
b4161,GO:0042274
b4161,GO:0005737
b4161,GO:0005829
b4161,GO:0003924
b4161,GO:0005515
b4161,GO:0005525
b4161,GO:0016787
b4161,GO:0019003
b4161,GO:0019843
b4161,GO:0046872
b4161,GO:0097216
b4162,GO:0006259
b4162,GO:0006401
b4162,GO:0005737
b4162,GO:0005829
b4162,GO:0000175
b4162,GO:0003676
b4162,GO:0004527
b4162,GO:0008310
b4162,GO:0016896
b4162,GO:0034611
b4162,GO:0046872
b4166,GO:0006400
b4166,GO:0008033
b4166,GO:0008616
b4166,GO:0005737
b4166,GO:0016491
b4166,GO:0046872
b4166,GO:0051536
b4166,GO:0051539
b4166,GO:0052693
b4167,GO:0046496
b4167,GO:0110051
b4167,GO:0005515
b4167,GO:0005524
b4167,GO:0016829
b4167,GO:0016836
b4167,GO:0016853
b4167,GO:0046872
b4167,GO:0052855
b4167,GO:0052856
b4168,GO:0002949
b4168,GO:0008033
b4168,GO:1990145
b4168,GO:0000408
b4168,GO:0005737
b4168,GO:0004672
b4168,GO:0005515
b4168,GO:0005524
b4168,GO:0016887
b4168,GO:0042802
b4168,GO:0043531
b4168,GO:0046872
b4169,GO:0009253
b4169,GO:0043093
b4169,GO:0051301
b4169,GO:0071555
b4169,GO:0030288
b4169,GO:0042597
b4169,GO:0008745
b4169,GO:0016787
b4170,GO:0000018
b4170,GO:0000717
b4170,GO:0006281
b4170,GO:0006298
b4170,GO:0070716
b4170,GO:0017117
b4170,GO:0032300
b4170,GO:0003677
b4170,GO:0005515
b4170,GO:0005524
b4170,GO:0016887
b4170,GO:0030983
b4170,GO:0042802
b4170,GO:0140664
b4171,GO:0006400
b4171,GO:0008033
b4171,GO:0034605
b4171,GO:1990497
b4171,GO:0005524
b4171,GO:0016740
b4171,GO:0016765
b4171,GO:0052381
b4172,GO:0006355
b4172,GO:0008033
b4172,GO:0034337
b4172,GO:0040033
b4172,GO:0043487
b4172,GO:0045974
b4172,GO:0045975
b4172,GO:0005829
b4172,GO:0043590
b4172,GO:0000049
b4172,GO:0003677
b4172,GO:0003681
b4172,GO:0003723
b4172,GO:0005515
b4172,GO:0005524
b4172,GO:0140691
b4173,GO:0009408
b4173,GO:0019042
b4173,GO:0032790
b4173,GO:0072344
b4173,GO:0005737
b4173,GO:0005829
b4173,GO:0003924
b4173,GO:0005524
b4173,GO:0005525
b4173,GO:0016887
b4173,GO:0019843
b4173,GO:0043022
b4173,GO:0043023
b4173,GO:0046872
b4173,GO:0097216
b4174,GO:0009408
b4174,GO:0005829
b4174,GO:0005886
b4174,GO:0016020
b4174,GO:0098796
b4174,GO:0098797
b4174,GO:0005515
b4175,GO:0009408
b4175,GO:0052547
b4175,GO:0005886
b4175,GO:0016020
b4175,GO:0098796
b4175,GO:0098797
b4175,GO:0005515
b4176,GO:0005886
b4177,GO:0006164
b4177,GO:0006974
b4177,GO:0015949
b4177,GO:0044208
b4177,GO:0046040
b4177,GO:0046086
b4177,GO:0005737
b4177,GO:0005829
b4177,GO:0016020
b4177,GO:0000287
b4177,GO:0004019
b4177,GO:0005515
b4177,GO:0005525
b4177,GO:0016874
b4177,GO:0046872
b4177,GO:0097216
b4178,GO:0006355
b4178,GO:0045892
b4178,GO:0005829
b4178,GO:0003677
b4178,GO:0003690
b4178,GO:0003700
b4178,GO:0005506
b4178,GO:0046872
b4178,GO:0051537
b4179,GO:0006397
b4179,GO:0006402
b4179,GO:0006950
b4179,GO:0009409
b4179,GO:0016070
b4179,GO:0005737
b4179,GO:0005829
b4179,GO:0000175
b4179,GO:0003723
b4179,GO:0004527
b4179,GO:0004540
b4179,GO:0005515
b4179,GO:0008859
b4179,GO:0016896
b4179,GO:0034458
b4180,GO:0000451
b4180,GO:0006364
b4180,GO:0006396
b4180,GO:0032259
b4180,GO:0005737
b4180,GO:0005829
b4180,GO:0003723
b4180,GO:0005515
b4180,GO:0008168
b4180,GO:0008173
b4180,GO:0070039
b4182,GO:0042802
b4184,GO:0005886
b4186,GO:0005524
b4186,GO:0016874
b4186,GO:0046872
b4187,GO:0006974
b4187,GO:0045892
b4187,GO:0005737
b4187,GO:0003677
b4187,GO:0003995
b4187,GO:0005515
b4187,GO:0008470
b4187,GO:0016491
b4187,GO:0042802
b4187,GO:0043565
b4188,GO:0042597
b4188,GO:0061133
b4189,GO:0006974
b4189,GO:0044010
b4189,GO:0005886
b4190,GO:0006508
b4190,GO:0008236
b4190,GO:0016787
b4190,GO:0034338
b4190,GO:0042803
b4191,GO:0006351
b4191,GO:0045892
b4191,GO:0005737
b4191,GO:0003677
b4191,GO:0003700
b4191,GO:0005515
b4191,GO:0031418
b4192,GO:0019854
b4192,GO:0005737
b4192,GO:0016787
b4192,GO:0030145
b4192,GO:0035460
b4192,GO:0052689
b4193,GO:0009401
b4193,GO:0015882
b4193,GO:0005886
b4193,GO:0016020
b4193,GO:1902495
b4193,GO:0042802
b4193,GO:0090585
b4194,GO:0009401
b4194,GO:0015882
b4194,GO:0016310
b4194,GO:0005737
b4194,GO:1902495
b4194,GO:0008982
b4194,GO:0016301
b4194,GO:0090585
b4195,GO:0009401
b4195,GO:0015882
b4195,GO:0016310
b4195,GO:0005737
b4195,GO:1902495
b4195,GO:0016301
b4195,GO:0090585
b4196,GO:0006207
b4196,GO:0019854
b4196,GO:0000287
b4196,GO:0004590
b4196,GO:0016831
b4196,GO:0033982
b4196,GO:0046872
b4197,GO:0005975
b4197,GO:0019852
b4197,GO:0019854
b4197,GO:0016853
b4197,GO:0016861
b4197,GO:0034015
b4198,GO:0005996
b4198,GO:0019323
b4198,GO:0019852
b4198,GO:0019854
b4198,GO:0005829
b4198,GO:0003824
b4198,GO:0008270
b4198,GO:0008742
b4198,GO:0016832
b4198,GO:0016853
b4198,GO:0046872
b4199,GO:0042597
b4200,GO:0002181
b4200,GO:0006412
b4200,GO:0005737
b4200,GO:0005829
b4200,GO:0005840
b4200,GO:0022627
b4200,GO:1990904
b4200,GO:0003735
b4200,GO:0005515
b4200,GO:0019843
b4200,GO:0048027
b4200,GO:0070181
b4201,GO:0006260
b4201,GO:0006268
b4201,GO:0006269
b4201,GO:0006270
b4201,GO:0006276
b4201,GO:0009314
b4201,GO:0031297
b4201,GO:0030894
b4201,GO:1990077
b4201,GO:1990099
b4201,GO:1990158
b4201,GO:0003677
b4201,GO:0003697
b4201,GO:0005515
b4201,GO:0042802
b4202,GO:0002181
b4202,GO:0006412
b4202,GO:0005737
b4202,GO:0005829
b4202,GO:0005840
b4202,GO:0022627
b4202,GO:1990904
b4202,GO:0003735
b4202,GO:0005515
b4202,GO:0019843
b4202,GO:0048027
b4202,GO:0070181
b4203,GO:0002181
b4203,GO:0006412
b4203,GO:0005737
b4203,GO:0005829
b4203,GO:0005840
b4203,GO:0022625
b4203,GO:1990904
b4203,GO:0003735
b4203,GO:0005515
b4203,GO:0019843
b4203,GO:0070180
b4204,GO:0016020
b4206,GO:0000920
b4206,GO:0043093
b4206,GO:0051301
b4206,GO:0005886
b4206,GO:0004222
b4206,GO:0042834
b4207,GO:0006457
b4207,GO:0061077
b4207,GO:0005737
b4207,GO:0005829
b4207,GO:0042597
b4207,GO:0003755
b4207,GO:0005528
b4207,GO:0042802
b4207,GO:0042803
b4208,GO:0001762
b4208,GO:0006865
b4208,GO:0015808
b4208,GO:0015816
b4208,GO:0042941
b4208,GO:0042942
b4208,GO:0055085
b4208,GO:0005886
b4208,GO:0016020
b4208,GO:0001761
b4208,GO:0015180
b4208,GO:0015187
b4208,GO:0015293
b4208,GO:0042944
b4208,GO:0042945
b4209,GO:0006979
b4209,GO:0030091
b4209,GO:0051409
b4209,GO:0005737
b4209,GO:0005829
b4209,GO:0005506
b4209,GO:0005515
b4209,GO:0046872
b4209,GO:0098809
b4210,GO:0005886
b4210,GO:0016020
b4211,GO:0005829
b4211,GO:0003955
b4211,GO:0008753
b4211,GO:0016491
b4211,GO:0016655
b4211,GO:0050136
b4212,GO:0003677
b4213,GO:0006974
b4213,GO:0009166
b4213,GO:0030288
b4213,GO:0042597
b4213,GO:0000166
b4213,GO:0008252
b4213,GO:0008254
b4213,GO:0008663
b4213,GO:0016787
b4213,GO:0046872
b4214,GO:0000103
b4214,GO:0006790
b4214,GO:0046854
b4214,GO:0050427
b4214,GO:0005886
b4214,GO:0000287
b4214,GO:0008441
b4214,GO:0016787
b4214,GO:0046872
b4216,GO:0042597
b4217,GO:0006979
b4217,GO:0015968
b4217,GO:0016036
b4217,GO:0005515
b4218,GO:0005886
b4218,GO:0050660
b4219,GO:0006979
b4219,GO:0030091
b4219,GO:0034599
b4219,GO:0036211
b4219,GO:0005737
b4219,GO:0005829
b4219,GO:0008113
b4219,GO:0016491
b4219,GO:0016671
b4219,GO:0033744
b4219,GO:0036456
b4220,GO:0009306
b4220,GO:0015031
b4220,GO:0089705
b4220,GO:0005886
b4220,GO:0009279
b4220,GO:0019867
b4220,GO:0097347
b4220,GO:0005515
b4221,GO:0009306
b4221,GO:0089705
b4221,GO:0005886
b4221,GO:0009279
b4221,GO:0097347
b4221,GO:0005515
b4222,GO:0005829
b4222,GO:0061929
b4224,GO:0006355
b4224,GO:0030307
b4224,GO:0040008
b4224,GO:0044010
b4224,GO:0110001
b4224,GO:0003677
b4224,GO:0005515
b4224,GO:0097351
b4225,GO:0006355
b4225,GO:0006402
b4225,GO:0016075
b4225,GO:0030308
b4225,GO:0040008
b4225,GO:0043488
b4225,GO:0044010
b4225,GO:0110001
b4225,GO:0003677
b4225,GO:0003723
b4225,GO:0004519
b4225,GO:0004521
b4225,GO:0016891
b4226,GO:0006796
b4226,GO:0005737
b4226,GO:0005829
b4226,GO:0016020
b4226,GO:0000287
b4226,GO:0004427
b4226,GO:0005515
b4226,GO:0008270
b4226,GO:0016787
b4226,GO:0046872
b4226,GO:0050355
b4227,GO:0015757
b4227,GO:0140271
b4227,GO:0030288
b4227,GO:0042597
b4227,GO:0055052
b4227,GO:0005534
b4227,GO:0030246
b4230,GO:0055085
b4230,GO:0140271
b4230,GO:0005886
b4230,GO:0016020
b4230,GO:0055052
b4230,GO:0005515
b4230,GO:0022857
b4231,GO:0055085
b4231,GO:0140271
b4231,GO:0005886
b4231,GO:0016020
b4231,GO:0043190
b4231,GO:0055052
b4231,GO:0015399
b4231,GO:0022857
b4232,GO:0005975
b4232,GO:0006000
b4232,GO:0006002
b4232,GO:0006094
b4232,GO:0030388
b4232,GO:0005737
b4232,GO:0005829
b4232,GO:0032991
b4232,GO:0000166
b4232,GO:0000287
b4232,GO:0016787
b4232,GO:0042132
b4232,GO:0042802
b4232,GO:0046872
b4233,GO:0008360
b4233,GO:0009252
b4233,GO:0009254
b4233,GO:0051301
b4233,GO:0071555
b4233,GO:0005576
b4233,GO:0005737
b4233,GO:0005524
b4233,GO:0016874
b4233,GO:0016881
b4233,GO:0042802
b4233,GO:0097216
b4233,GO:0106418
b4234,GO:0005737
b4234,GO:0005829
b4234,GO:0043023
b4237,GO:0009265
b4237,GO:0015949
b4237,GO:0005737
b4237,GO:0031250
b4237,GO:0004748
b4237,GO:0005515
b4237,GO:0016491
b4237,GO:0043365
b4237,GO:0046872
b4237,GO:0051536
b4237,GO:0051539
b4238,GO:0006260
b4238,GO:0009265
b4238,GO:0015949
b4238,GO:0031250
b4238,GO:0004748
b4238,GO:0005515
b4238,GO:0005524
b4238,GO:0008270
b4238,GO:0008998
b4238,GO:0016491
b4238,GO:0032556
b4238,GO:0032564
b4238,GO:0032567
b4238,GO:0046872
b4239,GO:0005993
b4239,GO:0006974
b4239,GO:0009313
b4239,GO:0005737
b4239,GO:0005829
b4239,GO:0004556
b4239,GO:0008788
b4239,GO:0016798
b4240,GO:0009401
b4240,GO:0015771
b4240,GO:0016310
b4240,GO:0005886
b4240,GO:0016020
b4240,GO:0005515
b4240,GO:0008982
b4240,GO:0015574
b4240,GO:0016301
b4240,GO:0090589
b4241,GO:0005991
b4241,GO:0006355
b4241,GO:0045892
b4241,GO:0000976
b4241,GO:0003677
b4241,GO:0003700
b4242,GO:0015693
b4242,GO:0071286
b4242,GO:1903830
b4242,GO:0005886
b4242,GO:0016020
b4242,GO:0043231
b4242,GO:0005515
b4242,GO:0005524
b4242,GO:0015444
b4242,GO:0015662
b4242,GO:0016887
b4242,GO:0019829
b4242,GO:0046872
b4243,GO:0009097
b4243,GO:0009636
b4243,GO:0070207
b4243,GO:0005737
b4243,GO:0005829
b4243,GO:0016020
b4243,GO:0032991
b4243,GO:0016787
b4243,GO:0019239
b4243,GO:0042802
b4243,GO:0051082
b4243,GO:0120241
b4243,GO:0120242
b4243,GO:0120243
b4244,GO:0006207
b4244,GO:0006221
b4244,GO:0005737
b4244,GO:0009347
b4244,GO:0005515
b4244,GO:0008270
b4244,GO:0046872
b4245,GO:0006207
b4245,GO:0006221
b4245,GO:0006520
b4245,GO:0006541
b4245,GO:0044205
b4245,GO:0070207
b4245,GO:0005737
b4245,GO:0005829
b4245,GO:0009347
b4245,GO:0004070
b4245,GO:0004088
b4245,GO:0005515
b4245,GO:0016597
b4245,GO:0016740
b4245,GO:0042802
b4246,GO:0006221
b4246,GO:0019856
b4246,GO:0031555
b4248,GO:0005829
b4248,GO:0005515
b4248,GO:0019239
b4249,GO:0044010
b4249,GO:0016491
b4249,GO:0035438
b4249,GO:0042803
b4249,GO:0070402
b4251,GO:0006355
b4251,GO:0009889
b4251,GO:0045892
b4251,GO:0080090
b4251,GO:0000976
b4251,GO:0003677
b4251,GO:0003700
b4252,GO:0044010
b4252,GO:0005829
b4253,GO:0005515
b4254,GO:0006526
b4254,GO:0006591
b4254,GO:0019240
b4254,GO:0042450
b4254,GO:0005737
b4254,GO:0004585
b4254,GO:0016597
b4254,GO:0016740
b4254,GO:0046872
b4255,GO:0006402
b4255,GO:0060699
b4255,GO:0005737
b4255,GO:0005829
b4255,GO:0005515
b4255,GO:0008428
b4255,GO:0019899
b4255,GO:0042803
b4255,GO:0060698
b4256,GO:0008080
b4256,GO:0016746
b4257,GO:0005886
b4258,GO:0006412
b4258,GO:0006418
b4258,GO:0006438
b4258,GO:0045903
b4258,GO:0061475
b4258,GO:0106074
b4258,GO:0005737
b4258,GO:0005829
b4258,GO:0000287
b4258,GO:0002161
b4258,GO:0004812
b4258,GO:0004832
b4258,GO:0005524
b4259,GO:0006260
b4259,GO:0006261
b4259,GO:0009314
b4259,GO:0032298
b4259,GO:0071897
b4259,GO:0009360
b4259,GO:0030894
b4259,GO:0043846
b4259,GO:0003677
b4259,GO:0003887
b4259,GO:0005515
b4260,GO:0006276
b4260,GO:0006351
b4260,GO:0006508
b4260,GO:0031564
b4260,GO:0042150
b4260,GO:0043171
b4260,GO:0005737
b4260,GO:0001073
b4260,GO:0003677
b4260,GO:0004177
b4260,GO:0008235
b4260,GO:0030145
b4260,GO:0046872
b4260,GO:0070006
b4261,GO:0015920
b4261,GO:0043165
b4261,GO:0055085
b4261,GO:0005886
b4261,GO:0016020
b4261,GO:0043190
b4261,GO:1990351
b4261,GO:0005515
b4262,GO:0015920
b4262,GO:0043165
b4262,GO:0055085
b4262,GO:0005886
b4262,GO:0016020
b4262,GO:0043190
b4262,GO:1990351
b4262,GO:0005515
b4264,GO:0006355
b4264,GO:0019521
b4264,GO:0000976
b4264,GO:0003677
b4264,GO:0003700
b4265,GO:0008643
b4265,GO:0015726
b4265,GO:0019521
b4265,GO:0035429
b4265,GO:0046183
b4265,GO:0005886
b4265,GO:0016020
b4265,GO:0015128
b4265,GO:0015568
b4266,GO:0046183
b4266,GO:0008874
b4266,GO:0016491
b4266,GO:0042803
b4267,GO:0019521
b4267,GO:0046183
b4267,GO:0005515
b4267,GO:0016491
b4267,GO:0046872
b4267,GO:0050572
b4267,GO:0102198
b4268,GO:0005975
b4268,GO:0016310
b4268,GO:0019521
b4268,GO:0046177
b4268,GO:0046183
b4268,GO:0005524
b4268,GO:0016301
b4268,GO:0046316
b4269,GO:0006631
b4269,GO:0008106
b4269,GO:0008270
b4269,GO:0016491
b4269,GO:0016616
b4269,GO:0042803
b4269,GO:0046872
b4278,GO:0006310
b4278,GO:0006313
b4278,GO:0032196
b4278,GO:0003677
b4278,GO:0004803
b4279,GO:0055085
b4279,GO:1905039
b4279,GO:0005886
b4279,GO:0022857
b4280,GO:0006974
b4280,GO:0019262
b4280,GO:0000166
b4280,GO:0003824
b4280,GO:0005515
b4280,GO:0016829
b4280,GO:0016836
b4280,GO:0042803
b4287,GO:0006826
b4287,GO:0006879
b4287,GO:0033212
b4287,GO:0055085
b4287,GO:0005886
b4287,GO:0016020
b4287,GO:0055052
b4287,GO:0005524
b4287,GO:0016887
b4287,GO:0042626
b4288,GO:0006826
b4288,GO:0006879
b4288,GO:0033212
b4288,GO:0033214
b4288,GO:0055085
b4288,GO:0005886
b4288,GO:0016020
b4288,GO:0055052
b4288,GO:0005515
b4288,GO:0015603
b4288,GO:0022857
b4289,GO:0006826
b4289,GO:0006879
b4289,GO:0033212
b4289,GO:0033214
b4289,GO:0055085
b4289,GO:0005886
b4289,GO:0016020
b4289,GO:0055052
b4289,GO:0005515
b4289,GO:0015603
b4289,GO:0022857
b4290,GO:0006826
b4290,GO:0006879
b4290,GO:0010039
b4290,GO:0033212
b4290,GO:0033214
b4290,GO:0016020
b4290,GO:0030288
b4290,GO:0042597
b4290,GO:0055052
b4290,GO:0005515
b4291,GO:0006355
b4291,GO:0006826
b4291,GO:0006879
b4291,GO:0015891
b4291,GO:0023019
b4291,GO:0033214
b4291,GO:0044718
b4291,GO:1990641
b4291,GO:0009279
b4291,GO:0016020
b4291,GO:1902495
b4291,GO:0005515
b4291,GO:0015343
b4291,GO:0038023
b4292,GO:0006826
b4292,GO:0006879
b4292,GO:0023019
b4292,GO:0045892
b4292,GO:2000142
b4292,GO:0005886
b4292,GO:0004888
b4292,GO:0005515
b4292,GO:0016989
b4293,GO:0006351
b4293,GO:0006352
b4293,GO:0006355
b4293,GO:0006826
b4293,GO:0006879
b4293,GO:2000142
b4293,GO:0000345
b4293,GO:0001000
b4293,GO:0001046
b4293,GO:0003677
b4293,GO:0005515
b4293,GO:0016987
b4294,GO:0006310
b4294,GO:0006313
b4294,GO:0032196
b4295,GO:0005829
b4295,GO:0003677
b4295,GO:0030246
b4296,GO:0035429
b4296,GO:0005886
b4296,GO:0016020
b4296,GO:0015128
b4297,GO:0019752
b4297,GO:0046176
b4297,GO:0005829
b4297,GO:0016829
b4297,GO:0016836
b4297,GO:0050401
b4298,GO:0046176
b4298,GO:0005737
b4298,GO:0005829
b4298,GO:0016829
b4298,GO:0047440
b4299,GO:0006355
b4299,GO:0045892
b4299,GO:0003677
b4299,GO:0003700
b4300,GO:0006355
b4300,GO:0003677
b4300,GO:0003700
b4301,GO:0005975
b4301,GO:0009052
b4301,GO:0005829
b4301,GO:0004750
b4301,GO:0016853
b4301,GO:0016857
b4301,GO:0046872
b4302,GO:0008643
b4302,GO:0009401
b4302,GO:0015795
b4302,GO:0016310
b4302,GO:0005737
b4302,GO:1902495
b4302,GO:0016301
b4304,GO:0008643
b4304,GO:0009401
b4304,GO:0015795
b4304,GO:0015796
b4304,GO:0005886
b4304,GO:0016020
b4304,GO:1902495
b4304,GO:0015577
b4305,GO:0006508
b4305,GO:0004177
b4305,GO:0008237
b4305,GO:0046872
b4306,GO:0016020
b4306,GO:0008168
b4307,GO:0005515
b4307,GO:0016746
b4307,GO:0016747
b4309,GO:0006054
b4309,GO:0019752
b4309,GO:0042597
b4309,GO:0001681
b4309,GO:0016787
b4309,GO:0016788
b4310,GO:0019262
b4310,GO:0030288
b4310,GO:0042597
b4310,GO:0016853
b4310,GO:0016857
b4310,GO:0042803
b4311,GO:0006811
b4311,GO:0015739
b4311,GO:0015772
b4311,GO:0055085
b4311,GO:0009279
b4311,GO:0046930
b4311,GO:0015136
b4311,GO:0015288
b4311,GO:0015478
b4312,GO:0006310
b4312,GO:0006974
b4312,GO:0015074
b4312,GO:0003677
b4312,GO:0043565
b4313,GO:0006310
b4313,GO:0015074
b4313,GO:0003677
b4313,GO:0043565
b4314,GO:0007155
b4314,GO:0043709
b4314,GO:0009289
b4314,GO:0042802
b4315,GO:0007155
b4315,GO:0009297
b4315,GO:0043709
b4315,GO:0009289
b4316,GO:0061077
b4316,GO:0071555
b4316,GO:0030288
b4316,GO:0042597
b4316,GO:0005515
b4316,GO:0044183
b4317,GO:0009297
b4317,GO:0055085
b4317,GO:0009279
b4317,GO:0016020
b4317,GO:0005515
b4317,GO:0015473
b4318,GO:0007155
b4318,GO:0007638
b4318,GO:0009297
b4318,GO:0031589
b4318,GO:0043709
b4318,GO:0009289
b4318,GO:0009419
b4319,GO:0007155
b4319,GO:0007638
b4319,GO:0031589
b4319,GO:0043709
b4319,GO:0009289
b4319,GO:0009419
b4319,GO:0005515
b4320,GO:0007155
b4320,GO:0007638
b4320,GO:0031589
b4320,GO:0043709
b4320,GO:0009289
b4320,GO:0009419
b4320,GO:0033644
b4320,GO:0005515
b4320,GO:0005537
b4321,GO:0019521
b4321,GO:0034219
b4321,GO:0035429
b4321,GO:0046177
b4321,GO:1902600
b4321,GO:0005886
b4321,GO:0016020
b4321,GO:0005351
b4321,GO:0015128
b4322,GO:0006064
b4322,GO:0006974
b4322,GO:0042840
b4322,GO:0008198
b4322,GO:0008927
b4322,GO:0016829
b4322,GO:0030145
b4323,GO:0019594
b4323,GO:0042840
b4323,GO:0008866
b4323,GO:0016491
b4323,GO:0016616
b4324,GO:0006351
b4324,GO:0006355
b4324,GO:0003677
b4324,GO:0003700
b4326,GO:0006974
b4326,GO:0034599
b4326,GO:0042177
b4326,GO:0045893
b4326,GO:0005737
b4326,GO:0005515
b4326,GO:0043856
b4328,GO:0006508
b4328,GO:0005737
b4328,GO:0005829
b4328,GO:0008237
b4328,GO:0008270
b4328,GO:0008798
b4328,GO:0016810
b4328,GO:0042802
b4328,GO:0046872
b4329,GO:0005886
b4330,GO:0005886
b4331,GO:0006388
b4331,GO:0008033
b4331,GO:0000215
b4331,GO:0003950
b4331,GO:0016740
b4331,GO:0016772
b4332,GO:0005886
b4333,GO:0005886
b4334,GO:0046872
b4334,GO:0051539
b4335,GO:0006974
b4335,GO:0016829
b4336,GO:0005886
b4337,GO:0006813
b4337,GO:0006814
b4337,GO:0015721
b4337,GO:0030641
b4337,GO:0036376
b4337,GO:0046677
b4337,GO:0055085
b4337,GO:0097623
b4337,GO:1902600
b4337,GO:1990961
b4337,GO:0005886
b4337,GO:0016020
b4337,GO:0015125
b4337,GO:0015297
b4337,GO:0015385
b4337,GO:0015386
b4337,GO:0022857
b4340,GO:0006355
b4340,GO:0009058
b4340,GO:1901605
b4340,GO:0003677
b4340,GO:0003700
b4340,GO:0003824
b4340,GO:0008483
b4340,GO:0030170
b4345,GO:0009307
b4345,GO:1905348
b4345,GO:0005515
b4345,GO:0032067
b4346,GO:0009307
b4346,GO:1905348
b4346,GO:0003677
b4346,GO:0003924
b4346,GO:0004519
b4346,GO:0005515
b4346,GO:0005524
b4346,GO:0005525
b4346,GO:0010385
b4346,GO:0016887
b4346,GO:0042802
b4346,GO:0044729
b4347,GO:0006974
b4347,GO:0009432
b4347,GO:0016070
b4347,GO:0036386
b4347,GO:0090143
b4347,GO:0005737
b4347,GO:0043590
b4347,GO:0003677
b4347,GO:0003723
b4347,GO:0004519
b4347,GO:0004521
b4347,GO:0042802
b4348,GO:0009307
b4348,GO:0019812
b4348,GO:0003677
b4349,GO:0009307
b4349,GO:0032259
b4349,GO:0005829
b4349,GO:0019812
b4349,GO:0003677
b4349,GO:0005515
b4349,GO:0008168
b4349,GO:0008170
b4349,GO:0009007
b4350,GO:0006304
b4350,GO:0009307
b4350,GO:0005829
b4350,GO:0019812
b4350,GO:0003677
b4350,GO:0004386
b4350,GO:0004519
b4350,GO:0005524
b4350,GO:0009035
b4351,GO:0009307
b4351,GO:0051599
b4351,GO:0043590
b4351,GO:0003677
b4351,GO:0004519
b4351,GO:0015666
b4351,GO:0032067
b4352,GO:0006974
b4352,GO:0005737
b4352,GO:0005829
b4352,GO:0003924
b4352,GO:0005525
b4352,GO:0016787
b4352,GO:0042802
b4352,GO:0046872
b4352,GO:0046914
b4353,GO:0006974
b4354,GO:0006849
b4354,GO:0006974
b4354,GO:0009267
b4354,GO:0031669
b4354,GO:0005886
b4354,GO:0016020
b4354,GO:0005477
b4354,GO:0005515
b4354,GO:0015293
b4355,GO:0006935
b4355,GO:0007165
b4355,GO:0007172
b4355,GO:0009593
b4355,GO:0032110
b4355,GO:0043113
b4355,GO:0048870
b4355,GO:0050920
b4355,GO:0071230
b4355,GO:1902021
b4355,GO:0005886
b4355,GO:0016020
b4355,GO:0098561
b4355,GO:0004888
b4355,GO:0005515
b4355,GO:0042802
b4356,GO:0042873
b4356,GO:0055085
b4356,GO:0005886
b4356,GO:0016020
b4356,GO:0022857
b4357,GO:0006355
b4357,GO:0019584
b4357,GO:0003677
b4357,GO:0003700
b4358,GO:0034195
b4358,GO:0008270
b4358,GO:0016491
b4358,GO:0016616
b4358,GO:0046872
b4360,GO:0005829
b4361,GO:0006260
b4361,GO:0006268
b4361,GO:0006269
b4361,GO:0006270
b4361,GO:0006271
b4361,GO:0031297
b4361,GO:1990077
b4361,GO:1990100
b4361,GO:1990158
b4361,GO:1990159
b4361,GO:1990160
b4361,GO:0003677
b4361,GO:0005515
b4361,GO:0005524
b4361,GO:0016787
b4361,GO:0016887
b4362,GO:0006260
b4362,GO:0006261
b4362,GO:0006268
b4362,GO:0006269
b4362,GO:0031297
b4362,GO:0070207
b4362,GO:1990077
b4362,GO:1990158
b4362,GO:1990159
b4362,GO:0000287
b4362,GO:0003697
b4362,GO:0005515
b4362,GO:0042802
b4363,GO:0006970
b4363,GO:0015744
b4363,GO:1901652
b4363,GO:0005886
b4364,GO:0015744
b4364,GO:0055085
b4364,GO:0005886
b4364,GO:0022857
b4365,GO:0006355
b4365,GO:0051595
b4365,GO:0003677
b4366,GO:0006355
b4366,GO:0009314
b4366,GO:0043470
b4366,GO:0045893
b4366,GO:0005667
b4366,GO:0003677
b4366,GO:0003700
b4366,GO:0005515
b4367,GO:0033214
b4367,GO:0033215
b4367,GO:0005737
b4367,GO:0005829
b4367,GO:0005886
b4367,GO:0000293
b4367,GO:0003824
b4367,GO:0016491
b4367,GO:0016722
b4367,GO:0046872
b4367,GO:0051537
b4371,GO:0006364
b4371,GO:0031167
b4371,GO:0032259
b4371,GO:0034337
b4371,GO:0043414
b4371,GO:0070475
b4371,GO:0005737
b4371,GO:0005829
b4371,GO:0003676
b4371,GO:0005515
b4371,GO:0008168
b4371,GO:0008170
b4371,GO:0008757
b4371,GO:0008990
b4371,GO:0052914
b4371,GO:0140691
b4372,GO:0006260
b4372,GO:0006261
b4372,GO:0009314
b4372,GO:0071897
b4372,GO:0009360
b4372,GO:0030894
b4372,GO:0043846
b4372,GO:0003887
b4372,GO:0005515
b4372,GO:0008408
b4373,GO:0006474
b4373,GO:0036211
b4373,GO:0005737
b4373,GO:0008080
b4373,GO:0008999
b4373,GO:0016746
b4373,GO:0061733
b4374,GO:0009410
b4374,GO:0019859
b4374,GO:0043100
b4374,GO:0005737
b4374,GO:0000166
b4374,GO:0002953
b4374,GO:0008253
b4374,GO:0016787
b4374,GO:0016791
b4374,GO:0030145
b4374,GO:0046872
b4374,GO:0050340
b4374,GO:0106411
b4375,GO:0006412
b4375,GO:0006415
b4375,GO:0006449
b4375,GO:1990145
b4375,GO:0005737
b4375,GO:0005829
b4375,GO:0003924
b4375,GO:0005515
b4375,GO:0005525
b4375,GO:0016149
b4375,GO:0016150
b4375,GO:0019003
b4375,GO:0097216
b4376,GO:0006970
b4376,GO:0006972
b4376,GO:0061077
b4376,GO:0030288
b4376,GO:0042597
b4376,GO:0005515
b4377,GO:0006629
b4377,GO:0006974
b4377,GO:0016042
b4377,GO:0016787
b4378,GO:0005829
b4378,GO:0005515
b4378,GO:0016787
b4378,GO:0016788
b4378,GO:0046872
b4379,GO:0005515
b4379,GO:0016491
b4379,GO:0046872
b4379,GO:0051539
b4380,GO:0009061
b4380,GO:0005515
b4381,GO:0006018
b4381,GO:0006974
b4381,GO:0009264
b4381,GO:0015949
b4381,GO:0016052
b4381,GO:0046386
b4381,GO:0005737
b4381,GO:0005829
b4381,GO:0016020
b4381,GO:0003824
b4381,GO:0004139
b4381,GO:0016829
b4382,GO:0006206
b4382,GO:0006213
b4382,GO:0006974
b4382,GO:0046104
b4382,GO:0005829
b4382,GO:0016020
b4382,GO:0004645
b4382,GO:0009032
b4382,GO:0016757
b4382,GO:0016763
b4383,GO:0006015
b4383,GO:0006018
b4383,GO:0006974
b4383,GO:0009117
b4383,GO:0009264
b4383,GO:0043094
b4383,GO:0005737
b4383,GO:0005829
b4383,GO:0000287
b4383,GO:0008973
b4383,GO:0016853
b4383,GO:0030145
b4383,GO:0046872
b4384,GO:0006152
b4384,GO:0006974
b4384,GO:0009116
b4384,GO:0009164
b4384,GO:0019686
b4384,GO:0042278
b4384,GO:0005737
b4384,GO:0005829
b4384,GO:0016020
b4384,GO:0004731
b4384,GO:0016757
b4384,GO:0042802
b4384,GO:0047975
b4385,GO:0016310
b4385,GO:0035821
b4385,GO:0005829
b4385,GO:0003677
b4385,GO:0004674
b4385,GO:0016301
b4385,GO:0090729
b4386,GO:0009249
b4386,GO:0005737
b4386,GO:0005829
b4386,GO:0005524
b4386,GO:0016874
b4386,GO:0016979
b4386,GO:0017118
b4387,GO:0005886
b4388,GO:0006564
b4388,GO:0008652
b4388,GO:0005737
b4388,GO:0000287
b4388,GO:0016787
b4388,GO:0016791
b4388,GO:0036424
b4388,GO:0046872
b4389,GO:0000725
b4389,GO:0006281
b4389,GO:0009314
b4389,GO:0003677
b4389,GO:0003684
b4389,GO:0003697
b4389,GO:0005524
b4389,GO:0008094
b4389,GO:0016787
b4389,GO:0016887
b4389,GO:0046872
b4389,GO:0140664
b4390,GO:0009435
b4390,GO:0010446
b4390,GO:0016310
b4390,GO:0019363
b4390,GO:0051289
b4390,GO:0071248
b4390,GO:0005737
b4390,GO:0005886
b4390,GO:1902494
b4390,GO:1902503
b4390,GO:0000287
b4390,GO:0000309
b4390,GO:0000987
b4390,GO:0003677
b4390,GO:0005524
b4390,GO:0016301
b4390,GO:0042802
b4390,GO:0050262
b4391,GO:0006412
b4391,GO:0006417
b4391,GO:0045900
b4391,GO:0005737
b4391,GO:0000049
b4391,GO:0005524
b4391,GO:0016787
b4391,GO:0016887
b4391,GO:0019843
b4391,GO:0043022
b4392,GO:0000270
b4392,GO:0009253
b4392,GO:0071555
b4392,GO:0009274
b4392,GO:0016020
b4392,GO:0030288
b4392,GO:0042597
b4392,GO:0004553
b4392,GO:0005515
b4392,GO:0008932
b4392,GO:0008933
b4392,GO:0016829
b4393,GO:0006355
b4393,GO:0045892
b4393,GO:0005737
b4393,GO:0003677
b4393,GO:0003700
b4393,GO:0043565
b4394,GO:0006772
b4394,GO:0009117
b4394,GO:0046677
b4394,GO:0000166
b4394,GO:0000287
b4394,GO:0016787
b4394,GO:0017111
b4394,GO:0042803
b4394,GO:0046872
b4394,GO:0103023
b4396,GO:0006355
b4396,GO:0005829
b4396,GO:0003677
b4396,GO:0003700
b4396,GO:0043565
b4397,GO:0005829
b4398,GO:0000160
b4398,GO:0006355
b4398,GO:0045893
b4398,GO:0005737
b4398,GO:0005829
b4398,GO:0032993
b4398,GO:0000156
b4398,GO:0000976
b4398,GO:0000987
b4398,GO:0003677
b4398,GO:0042802
b4399,GO:0000160
b4399,GO:0007165
b4399,GO:0016310
b4399,GO:0018106
b4399,GO:0019660
b4399,GO:0005886
b4399,GO:0016020
b4399,GO:0000155
b4399,GO:0004673
b4399,GO:0005524
b4399,GO:0016301
b4400,GO:0005886
b4401,GO:0000160
b4401,GO:0006355
b4401,GO:0045892
b4401,GO:0045893
b4401,GO:0005737
b4401,GO:0005829
b4401,GO:0032993
b4401,GO:0000156
b4401,GO:0000976
b4401,GO:0001217
b4401,GO:0003677
b4401,GO:0003700
b4401,GO:0005515
b4401,GO:0042802
b4407,GO:0009228
b4407,GO:0009229
b4407,GO:0052837
b4407,GO:1902503
b4407,GO:1990228
b4407,GO:0000166
b4407,GO:0097163
b4409,GO:0033554
b4409,GO:0036460
b4409,GO:0046677
b4409,GO:0051301
b4409,GO:0000935
b4409,GO:0005886
b4409,GO:0016020
b4409,GO:0005515
b4410,GO:0009636
b4410,GO:0005886
b4410,GO:0016020
b4411,GO:0009636
b4411,GO:0005886
b4411,GO:0016020
b4415,GO:0006974
b4415,GO:0005886
b4415,GO:0016020
b4419,GO:0005886
b4421,GO:0005886
b4428,GO:0022611
b4428,GO:0005886
b4428,GO:0016020
b4453,GO:0005886
b4455,GO:0005886
b4455,GO:0016020
b4460,GO:0015751
b4460,GO:0042882
b4460,GO:0055085
b4460,GO:0005886
b4460,GO:0016020
b4460,GO:0055052
b4460,GO:0015147
b4460,GO:0022857
b4461,GO:0005886
b4461,GO:0050660
b4463,GO:0008610
b4463,GO:1903457
b4463,GO:0005777
b4463,GO:0004458
b4463,GO:0008609
b4463,GO:0008720
b4463,GO:0016491
b4463,GO:0050660
b4463,GO:0071949
b4464,GO:0035344
b4464,GO:0055085
b4464,GO:0098710
b4464,GO:1904823
b4464,GO:0005886
b4464,GO:0016020
b4464,GO:0015205
b4464,GO:0015208
b4465,GO:0016491
b4466,GO:0005886
b4466,GO:0044325
b4467,GO:0046296
b4467,GO:0005886
b4467,GO:0016491
b4467,GO:0019154
b4467,GO:0046872
b4467,GO:0047809
b4467,GO:0051536
b4467,GO:0051539
b4468,GO:0046296
b4468,GO:0005886
b4468,GO:0003824
b4468,GO:0016491
b4468,GO:0019154
b4468,GO:0047809
b4468,GO:0071949
b4469,GO:0003824
b4469,GO:0005506
b4469,GO:0046872
b4469,GO:0051539
b4471,GO:0006094
b4471,GO:0009063
b4471,GO:0070689
b4471,GO:0003941
b4471,GO:0016829
b4471,GO:0046872
b4471,GO:0051539
b4472,GO:0015914
b4472,GO:0005886
b4473,GO:0009294
b4474,GO:0046348
b4474,GO:0016853
b4474,GO:0016857
b4474,GO:0042802
b4474,GO:0046872
b4475,GO:0006396
b4475,GO:0005737
b4475,GO:0003963
b4475,GO:0005524
b4475,GO:0016874
b4476,GO:0019521
b4476,GO:0034219
b4476,GO:0035429
b4476,GO:0005886
b4476,GO:0016020
b4476,GO:0005402
b4476,GO:0015128
b4477,GO:0034194
b4477,GO:0008674
b4477,GO:0016829
b4478,GO:0009063
b4478,GO:0034194
b4478,GO:0000287
b4478,GO:0008869
b4478,GO:0016829
b4478,GO:0046872
b4479,GO:0006355
b4479,GO:2000143
b4479,GO:0000976
b4479,GO:0000987
b4479,GO:0001217
b4479,GO:0003677
b4479,GO:0003700
b4479,GO:0042802
b4479,GO:0046872
b4479,GO:0098531
b4480,GO:0006355
b4480,GO:0045892
b4480,GO:0003677
b4480,GO:0003700
b4481,GO:0009246
b4481,GO:0036065
b4481,GO:0005886
b4481,GO:0008417
b4481,GO:0016757
b4481,GO:0016758
b4481,GO:0102031
b4483,GO:0006259
b4483,GO:0042542
b4483,GO:0005737
b4483,GO:0005829
b4483,GO:0000175
b4483,GO:0000287
b4483,GO:0004527
b4483,GO:0004536
b4483,GO:0008310
b4483,GO:0008408
b4483,GO:0046872
b4484,GO:0006950
b4484,GO:0030162
b4484,GO:0030288
b4484,GO:0042597
b4484,GO:0005515
b4484,GO:0042802
b4484,GO:0051082
b4485,GO:0042875
b4485,GO:0055085
b4485,GO:0140271
b4485,GO:0005886
b4485,GO:0055052
b4485,GO:0005524
b4485,GO:0016887
b4485,GO:0042626
b4485,GO:0103116
b4501,GO:0006310
b4501,GO:0044349
b4501,GO:2000143
b4501,GO:0003677
b4501,GO:0005515
b4501,GO:0042802
b4501,GO:0043565
b4502,GO:0005515
b4506,GO:0006412
b4506,GO:0005840
b4506,GO:0022626
b4506,GO:1990904
b4506,GO:0003735
b4510,GO:0031640
b4510,GO:0044659
b4510,GO:0009279
b4511,GO:0009239
b4511,GO:0019290
b4511,GO:0005829
b4511,GO:0005515
b4513,GO:0006813
b4513,GO:0043462
b4513,GO:0071805
b4513,GO:0098655
b4513,GO:0005886
b4513,GO:0031004
b4513,GO:1903103
b4513,GO:0008556
b4515,GO:0006119
b4515,GO:0019646
b4515,GO:0005886
b4515,GO:0016020
b4515,GO:0019867
b4515,GO:0070069
b4515,GO:0005515
b4515,GO:0016679
b4517,GO:0005829
b4517,GO:0042802
b4517,GO:0042803
b4518,GO:0043709
b4520,GO:0051301
b4520,GO:0000935
b4520,GO:0005886
b4520,GO:0005515
b4522,GO:0005886
b4526,GO:0008270
b4528,GO:0031640
b4528,GO:0044659
b4528,GO:0009279
b4532,GO:0006355
b4532,GO:0006402
b4532,GO:0040008
b4532,GO:0110001
b4532,GO:0003723
b4532,GO:0003729
b4532,GO:0004519
b4532,GO:0004521
b4532,GO:0005515
b4535,GO:0005886
b4535,GO:0016020
b4539,GO:0006355
b4539,GO:0006401
b4539,GO:0006402
b4539,GO:0009408
b4539,GO:0040008
b4539,GO:0044010
b4539,GO:0045947
b4539,GO:0098795
b4539,GO:0110001
b4539,GO:0003723
b4539,GO:0004519
b4539,GO:0004521
b4539,GO:0005515
b4539,GO:0016892
b4539,GO:0042803
b4539,GO:0043024
b4542,GO:0005886
b4544,GO:0009103
b4544,GO:0009245
b4544,GO:0010041
b4544,GO:0055085
b4544,GO:1901264
b4544,GO:0005886
b4544,GO:0016020
b4544,GO:0022857
b4544,GO:1901505
b4547,GO:0005886
b4550,GO:0006417
b4550,GO:0072344
b4550,GO:0000049
b4550,GO:0019843
b4550,GO:0043023
b4553,GO:0005886
b4555,GO:0005886
b4557,GO:0051205
b4557,GO:0005886
b4557,GO:0032977
b4558,GO:0043165
b4558,GO:0005886
b4558,GO:0005515
b4559,GO:0005886
b4559,GO:0016020
b4559,GO:0060187
b4565,GO:0008643
b4565,GO:0009401
b4565,GO:0015795
b4565,GO:0016310
b4565,GO:0005737
b4565,GO:1902495
b4565,GO:0008982
b4565,GO:0016301
b4568,GO:0005886
b4586,GO:0006974
b4586,GO:0046677
b4586,GO:0016020
b4592,GO:0005886
b4592,GO:0009279
b4592,GO:0005515
b4598,GO:0005886
b4599,GO:0010350
b4599,GO:0010960
b4599,GO:0005886
b4599,GO:0005515
b4601,GO:0005886
b4606,GO:0005737
b4613,GO:0006974
b4613,GO:0005886
b4613,GO:0016020
b4618,GO:0006974
b4618,GO:0009432
b4618,GO:0022611
b4618,GO:0098656
b4618,GO:0005886
b4618,GO:0016020
b4618,GO:0005253
b4622,GO:0005886
b4637,GO:0006417
b4655,GO:0005886
b4662,GO:0009401
b4662,GO:0046325
b4662,GO:0004857
b4663,GO:0005886
b4663,GO:0008047
b4671,GO:0005886
b4672,GO:0016020
b4675,GO:0005886
b4676,GO:0005886
b4679,GO:0005886
b4680,GO:0005886
b4680,GO:0016020
b4682,GO:0036460
b4687,GO:0012501
b4687,GO:0005886
b4687,GO:0016020
b4689,GO:0005886
b4702,GO:0031556
b4702,GO:0032026
b4703,GO:0005886
b4703,GO:0004857
b4705,GO:0030026
b4705,GO:0071287
b4705,GO:0005737
